2
100
100
0 0 0 0 0 0 0 0 0 0 0 0 0 0 0 0 0 0 0 0 0 0 0 0 0 0 0 0 0 0 0 0 0 0 0 0 0 0 0 0 0 0 0 0 0 0 0 0 0 0 0 0 0 0 0 0 0 0 104 95 87 81 77 75 76 79 84 92 101 112 125 137 149 158 166 170 171 169 164 156 145 133 120 108 97 89 83 79 77 76 76 77 78 80 83 86 89 93 98 104 
0 0 0 0 0 0 0 0 0 0 0 0 0 0 0 0 0 0 0 0 0 0 0 0 0 0 0 0 0 0 0 0 0 0 0 0 0 0 0 0 0 0 0 0 0 0 0 0 0 0 0 0 0 0 0 0 0 108 98 89 82 76 73 73 74 78 83 90 100 110 122 135 146 157 164 169 171 169 164 157 146 134 122 110 99 91 84 80 78 77 77 78 79 81 83 86 90 94 98 105 
0 0 0 0 0 0 0 0 0 0 0 0 0 0 0 0 0 0 0 0 0 0 0 0 0 0 0 0 0 0 0 0 0 0 0 0 0 0 0 0 0 0 0 0 0 0 0 0 0 0 0 0 0 0 0 0 112 102 93 84 78 73 71 72 74 78 83 90 99 109 121 133 145 155 163 167 169 168 164 157 147 136 124 112 101 92 86 82 79 78 78 79 80 81 84 86 90 94 99 105 
0 0 0 0 0 0 0 0 0 0 0 0 0 0 0 0 0 0 0 0 0 0 0 0 0 0 0 0 0 0 0 0 0 0 0 0 0 0 0 0 0 0 0 0 0 0 0 0 0 0 0 0 0 0 0 118 108 98 89 81 75 72 71 72 74 78 83 90 99 109 121 133 144 154 161 166 168 167 164 157 148 137 125 114 103 94 88 83 81 80 79 80 80 82 84 86 90 94 99 106 
0 0 0 0 0 0 0 0 0 0 0 0 0 0 0 0 0 0 0 0 0 0 0 0 0 0 0 0 0 0 0 0 0 0 0 0 0 0 0 0 0 0 0 0 0 0 0 0 0 0 0 0 0 0 124 114 104 94 86 79 74 71 71 72 75 79 84 91 99 109 121 132 143 153 160 165 167 167 163 157 148 138 126 115 105 96 90 85 82 81 81 81 81 82 84 86 90 94 100 107 
0 0 0 0 0 0 0 0 0 0 0 0 0 0 0 0 0 0 0 0 0 0 0 0 0 0 0 0 0 0 0 0 0 0 0 0 0 0 0 0 0 0 0 0 0 0 0 0 0 0 0 0 0 130 121 111 101 92 84 78 74 72 71 73 75 79 84 91 99 109 121 132 143 153 160 165 167 166 163 157 148 138 127 117 107 98 92 87 84 83 82 82 82 83 84 87 90 95 101 108 
0 0 0 0 0 0 0 0 0 0 0 0 0 0 0 0 0 0 0 0 0 0 0 0 0 0 0 0 0 0 0 0 0 0 0 0 0 0 0 0 0 0 0 0 0 0 0 0 0 0 0 0 135 128 119 109 99 91 83 78 74 72 72 73 76 79 84 91 99 110 121 132 143 153 160 165 167 167 163 157 149 139 129 118 109 100 94 89 86 84 83 83 82 83 84 87 91 96 102 110 
0 0 0 0 0 0 0 0 0 0 0 0 0 0 0 0 0 0 0 0 0 0 0 0 0 0 0 0 0 0 0 0 0 0 0 0 0 0 0 0 0 0 0 0 0 0 0 0 0 0 0 140 134 126 117 108 98 90 83 78 75 73 73 74 76 79 84 91 99 109 121 132 143 153 161 166 168 168 164 158 150 140 130 120 110 103 96 91 88 85 84 83 82 83 84 87 91 96 103 111 
0 0 0 0 0 0 0 0 0 0 0 0 0 0 0 0 0 0 0 0 0 0 0 0 0 0 0 0 0 0 0 0 0 0 0 0 0 0 0 0 0 0 0 0 0 0 0 0 0 0 145 140 133 125 116 106 98 90 84 79 76 75 74 74 76 79 83 90 99 109 121 132 144 154 162 167 169 169 165 159 150 141 131 121 112 104 98 93 89 86 84 82 82 82 83 86 91 96 103 111 
0 0 0 0 0 0 0 0 0 0 0 0 0 0 0 0 0 0 0 0 0 0 0 0 0 0 0 0 0 0 0 0 0 0 0 0 0 0 0 0 0 0 0 0 0 0 0 0 0 148 145 140 132 124 115 106 97 90 85 80 77 75 74 74 75 78 83 90 98 109 121 133 145 155 163 169 171 170 166 160 151 142 132 122 113 105 99 93 89 86 83 81 80 80 82 85 90 96 103 111 
0 0 0 0 0 0 0 0 0 0 0 0 0 0 0 0 0 0 0 0 0 0 0 0 0 0 0 0 0 0 0 0 0 0 0 0 0 0 0 0 0 0 0 0 0 0 0 0 151 149 145 139 131 123 113 105 97 90 85 81 78 75 74 74 75 77 82 89 98 109 121 134 146 157 165 171 173 171 167 160 151 142 132 122 114 106 99 93 88 84 81 79 78 79 81 84 89 96 103 111 
0 0 0 0 0 0 0 0 0 0 0 0 0 0 0 0 0 0 0 0 0 0 0 0 0 0 0 0 0 0 0 0 0 0 0 0 0 0 0 0 0 0 0 0 0 0 0 153 153 150 146 139 130 121 112 103 96 90 85 81 77 75 73 73 74 77 82 89 98 110 122 136 149 160 168 173 175 173 168 160 151 141 131 122 113 105 97 91 86 82 79 77 76 77 80 83 89 95 102 111 
0 0 0 0 0 0 0 0 0 0 0 0 0 0 0 0 0 0 0 0 0 0 0 0 0 0 0 0 0 0 0 0 0 0 0 0 0 0 0 0 0 0 0 0 0 0 153 154 154 151 146 138 130 120 111 102 94 88 83 79 76 74 72 72 73 76 81 89 99 111 124 138 151 163 171 176 176 174 168 160 150 140 130 120 111 102 95 88 83 79 76 74 74 76 79 83 89 95 102 111 
0 0 0 0 0 0 0 0 0 0 0 0 0 0 0 0 0 0 0 0 0 0 0 0 0 0 0 0 0 0 0 0 0 0 0 0 0 0 0 0 0 0 0 0 0 0 155 156 155 152 146 138 129 119 109 100 92 86 81 77 74 71 70 70 72 75 81 89 99 111 125 140 154 166 174 178 178 174 168 159 149 138 128 117 108 99 91 85 79 75 73 72 73 75 79 83 89 95 103 111 
0 0 0 0 0 0 0 0 0 0 0 0 0 0 0 0 0 0 0 0 0 0 0 0 0 0 0 0 0 0 0 0 0 0 0 0 0 0 0 0 0 0 0 0 0 154 156 157 156 153 147 138 128 117 107 98 90 83 78 73 70 68 68 68 70 74 80 88 99 112 126 141 156 167 175 179 178 174 167 158 147 136 125 114 104 95 87 80 75 72 71 71 72 75 79 84 89 96 104 112 
0 0 0 0 0 0 0 0 0 0 0 0 0 0 0 0 0 0 0 0 0 0 0 0 0 0 0 0 0 0 0 0 0 0 0 0 0 0 0 0 0 0 0 0 152 155 158 159 158 155 148 139 128 117 105 96 87 80 74 70 67 65 65 66 68 72 79 87 99 112 127 142 157 168 176 179 178 173 166 156 145 134 122 110 100 90 83 77 72 70 69 70 72 75 79 84 90 97 105 114 
0 0 0 0 0 0 0 0 0 0 0 0 0 0 0 0 0 0 0 0 0 0 0 0 0 0 0 0 0 0 0 0 0 0 0 0 0 0 0 0 0 0 0 150 153 157 160 162 161 157 150 140 128 116 104 94 84 77 71 66 63 62 62 63 66 71 78 87 98 112 127 143 157 168 175 178 177 172 164 155 143 131 119 107 96 87 79 74 70 68 68 69 72 75 80 85 91 98 106 115 
0 0 0 0 0 0 0 0 0 0 0 0 0 0 0 0 0 0 0 0 0 0 0 0 0 0 0 0 0 0 0 0 0 0 0 0 0 0 0 0 0 0 146 150 155 160 163 165 164 160 152 142 129 116 104 92 82 74 68 63 60 59 59 61 65 70 78 87 99 113 128 143 157 168 174 177 175 171 163 153 142 130 117 105 94 84 77 71 68 67 67 69 72 75 79 85 91 98 107 116 
0 0 0 0 0 0 0 0 0 0 0 0 0 0 0 0 0 0 0 0 0 0 0 0 0 0 0 0 0 0 0 0 0 0 0 0 0 0 0 0 0 141 146 151 157 162 167 169 168 164 156 144 131 117 104 91 81 73 66 61 58 57 58 60 64 70 78 88 100 114 129 143 157 167 173 176 174 169 162 152 141 129 116 104 92 83 75 70 67 66 67 69 71 74 79 84 90 98 107 117 
0 0 0 0 0 0 0 0 0 0 0 0 0 0 0 0 0 0 0 0 0 0 0 0 0 0 0 0 0 0 0 0 0 0 0 0 0 0 0 0 136 140 145 152 159 165 171 173 172 167 159 147 133 119 104 91 80 71 64 59 56 55 56 59 64 70 79 89 101 115 130 144 157 167 173 175 174 169 162 152 141 128 115 103 91 82 75 70 67 66 66 68 70 73 77 82 89 97 107 117 
0 0 0 0 0 0 0 0 0 0 0 0 0 0 0 0 0 0 0 0 0 0 0 0 0 0 0 0 0 0 0 0 0 0 0 0 0 0 0 131 134 139 145 153 161 169 174 177 176 171 162 150 136 120 105 92 80 71 63 58 55 54 55 59 64 71 80 91 103 117 131 145 158 167 173 175 174 169 162 152 141 128 115 103 91 82 74 69 66 65 65 66 68 71 75 80 87 96 106 117 
0 0 0 0 0 0 0 0 0 0 0 0 0 0 0 0 0 0 0 0 0 0 0 0 0 0 0 0 0 0 0 0 0 0 0 0 0 0 126 128 132 138 146 155 164 172 178 180 179 174 165 152 137 122 106 92 80 70 62 57 53 53 54 58 64 72 81 92 105 119 133 147 159 168 174 176 174 169 162 152 140 128 115 102 91 81 74 69 65 64 63 64 66 69 73 79 86 95 105 117 
0 0 0 0 0 0 0 0 0 0 0 0 0 0 0 0 0 0 0 0 0 0 0 0 0 0 0 0 0 0 0 0 0 0 0 0 0 0 123 126 131 138 148 157 167 175 180 182 181 175 166 153 138 122 107 92 80 70 62 56 53 52 54 58 64 72 82 94 107 121 135 149 160 169 175 177 175 170 162 152 140 127 114 102 91 81 74 68 64 62 62 62 64 67 72 78 85 95 106 118 
0 0 0 0 0 0 0 0 0 0 0 0 0 0 0 0 0 0 0 0 0 0 0 0 0 0 0 0 0 0 0 0 0 0 0 0 0 119 120 124 131 140 150 160 169 177 182 183 181 175 165 152 137 122 106 92 80 69 61 55 52 51 53 58 65 73 84 96 109 123 137 151 162 171 176 178 175 170 162 151 139 127 114 102 91 81 73 68 64 62 61 61 63 67 71 78 86 96 107 119 
0 0 0 0 0 0 0 0 0 0 0 0 0 0 0 0 0 0 0 0 0 0 0 0 0 0 0 0 0 0 0 0 0 0 0 0 115 115 118 123 132 142 152 162 171 178 182 183 180 173 163 150 135 120 105 91 79 69 61 55 52 52 54 59 66 75 85 98 111 126 140 154 165 173 178 179 176 170 162 151 139 126 114 101 90 81 74 68 64 62 61 61 63 67 72 80 88 98 109 122 
0 0 0 0 0 0 0 0 0 0 0 0 0 0 0 0 0 0 0 0 0 0 0 0 0 0 0 0 0 0 0 0 0 0 0 113 111 112 116 124 133 144 155 165 173 179 181 181 177 169 159 146 132 117 102 89 78 68 61 56 53 53 55 60 67 77 88 101 115 129 144 157 168 176 180 180 177 171 162 151 139 126 113 101 90 81 74 68 65 62 61 62 65 69 75 82 91 102 113 125 
0 0 0 0 0 0 0 0 0 0 0 0 0 0 0 0 0 0 0 0 0 0 0 0 0 0 0 0 0 0 0 0 0 0 111 108 107 109 116 125 136 147 158 167 174 178 180 178 173 164 154 141 127 112 99 86 76 67 61 56 54 54 57 62 70 80 91 104 119 133 148 161 171 179 182 182 178 171 161 150 138 125 112 100 90 81 74 69 65 63 63 64 66 71 78 86 95 106 117 128 
0 0 0 0 0 0 0 0 0 0 0 0 0 0 0 0 0 0 0 0 0 0 0 0 0 0 0 0 0 0 0 0 0 0 106 103 103 108 116 126 138 150 161 169 175 178 177 174 168 159 147 135 121 107 94 83 73 65 60 56 55 56 59 65 73 83 95 108 123 138 152 165 175 181 184 183 178 171 161 149 137 124 111 99 89 80 74 69 66 64 64 65 69 74 81 89 99 110 121 132 
0 0 0 0 0 0 0 0 0 0 0 0 0 0 0 0 0 0 0 0 0 0 0 0 0 0 0 0 0 0 0 0 0 105 100 98 100 106 116 128 141 153 163 171 175 176 174 170 162 152 141 128 114 101 89 79 70 63 59 56 55 57 61 67 75 86 98 112 127 142 156 168 178 183 185 183 178 169 159 147 134 121 108 97 87 79 73 68 65 64 65 67 71 76 84 93 103 114 125 136 
0 0 0 0 0 0 0 0 0 0 0 0 0 0 0 0 0 0 0 0 0 0 0 0 0 0 0 0 0 0 0 0 105 99 95 95 98 106 117 130 144 156 166 172 175 175 171 165 156 146 134 121 108 96 84 74 67 61 57 55 55 58 62 69 78 89 102 116 131 146 160 171 180 185 185 182 176 167 156 144 131 118 105 93 84 76 70 67 64 64 65 68 72 79 87 97 107 119 130 141 
0 0 0 0 0 0 0 0 0 0 0 0 0 0 0 0 0 0 0 0 0 0 0 0 0 0 0 0 0 0 0 106 99 94 91 92 97 107 119 133 147 159 168 173 175 173 168 160 151 139 127 114 102 90 80 71 64 59 55 54 55 58 63 71 80 92 105 120 135 150 163 174 182 185 185 181 173 164 152 140 127 113 101 89 80 73 68 64 63 63 64 68 74 81 90 100 112 123 135 146 
0 0 0 0 0 0 0 0 0 0 0 0 0 0 0 0 0 0 0 0 0 0 0 0 0 0 0 0 0 0 107 99 93 89 88 91 98 109 122 137 150 162 170 174 174 171 165 156 145 133 121 109 97 86 76 68 62 57 55 54 55 59 65 73 84 96 109 124 139 154 167 177 183 186 184 179 170 160 148 135 121 108 95 84 76 69 64 61 60 61 64 68 75 83 93 104 116 128 140 150 
0 0 0 0 0 0 0 0 0 0 0 0 0 0 0 0 0 0 0 0 0 0 0 0 0 0 0 0 0 0 100 93 89 86 87 92 101 113 127 141 154 165 172 175 174 169 162 152 140 128 116 104 92 82 74 67 61 57 55 55 57 61 68 77 88 101 114 129 144 158 170 179 184 186 183 176 167 155 143 129 115 102 90 79 71 65 61 59 58 60 63 69 76 86 96 108 121 133 144 154 
0 0 0 0 0 0 0 0 0 0 0 0 0 0 0 0 0 0 0 0 0 0 0 0 0 0 0 0 0 101 94 89 86 86 89 96 106 118 132 146 159 168 174 175 173 167 158 148 136 123 111 99 89 79 72 66 61 58 57 57 60 65 72 82 94 107 121 135 150 163 174 181 185 185 181 173 163 150 137 123 109 96 84 74 66 61 57 56 57 59 63 70 78 88 100 112 125 138 149 158 
0 0 0 0 0 0 0 0 0 0 0 0 0 0 0 0 0 0 0 0 0 0 0 0 0 0 0 0 102 94 89 85 85 87 93 101 112 125 139 152 163 171 175 175 172 165 155 144 132 119 106 95 85 77 70 66 62 60 59 60 64 70 78 89 101 114 128 142 155 167 177 183 185 183 178 169 158 145 131 116 102 89 78 69 62 57 55 54 56 59 64 71 80 91 103 116 130 142 153 162 
0 0 0 0 0 0 0 0 0 0 0 0 0 0 0 0 0 0 0 0 0 0 0 0 0 0 0 103 95 89 85 84 86 91 98 109 121 134 147 159 168 175 177 175 170 162 152 140 127 114 102 91 82 75 69 65 63 62 62 64 69 75 84 95 108 122 135 149 161 171 179 183 184 181 174 165 152 139 124 110 96 83 73 64 58 54 53 53 55 59 64 71 81 93 106 120 134 147 158 166 
0 0 0 0 0 0 0 0 0 0 0 0 0 0 0 0 0 0 0 0 0 0 0 0 0 0 0 96 90 86 84 85 89 96 106 117 130 143 155 165 173 177 178 174 168 159 148 135 122 110 98 87 79 72 68 65 64 64 65 68 74 81 91 102 115 129 142 155 166 174 180 183 181 177 169 159 146 132 118 103 90 78 68 60 55 52 52 53 55 59 65 73 83 95 109 123 138 151 162 170 
0 0 0 0 0 0 0 0 0 0 0 0 0 0 0 0 0 0 0 0 0 0 0 0 0 0 98 91 86 84 85 88 95 104 115 127 139 152 163 172 177 180 178 173 164 154 143 130 117 105 93 84 76 70 67 65 64 65 68 72 78 86 96 108 121 135 148 159 169 176 180 181 178 172 164 153 140 126 111 97 85 74 65 58 54 51 51 53 56 60 66 74 85 97 112 127 142 155 166 173 
0 0 0 0 0 0 0 0 0 0 0 0 0 0 0 0 0 0 0 0 0 0 0 0 0 100 93 87 84 84 88 93 102 112 124 137 149 160 170 177 181 180 177 169 160 149 136 124 111 99 89 80 73 68 65 64 65 66 70 75 82 90 101 113 126 139 152 162 171 177 179 178 174 168 158 147 134 120 106 92 81 70 62 56 53 51 51 53 56 61 68 77 87 100 115 130 145 159 170 177 
0 0 0 0 0 0 0 0 0 0 0 0 0 0 0 0 0 0 0 0 0 0 0 0 103 96 89 86 85 87 93 100 110 122 134 147 158 169 176 181 182 180 174 165 154 142 129 117 105 94 84 76 71 67 65 64 65 67 71 77 84 94 104 117 130 142 154 164 172 176 178 176 171 163 153 141 128 114 101 88 77 68 61 56 53 51 52 54 58 63 70 80 91 104 119 134 149 163 173 179 
0 0 0 0 0 0 0 0 0 0 0 0 0 0 0 0 0 0 0 0 0 0 0 0 99 92 88 86 88 92 100 109 120 133 145 157 167 176 181 184 183 178 170 159 147 134 121 109 98 88 80 73 69 66 64 64 65 68 72 79 87 96 107 120 133 145 156 166 172 176 176 173 167 158 148 135 122 109 96 84 74 66 60 56 53 53 53 56 60 66 73 83 95 109 124 139 154 166 175 181 
0 0 0 0 0 0 0 0 0 0 0 0 0 0 0 0 0 0 0 0 0 0 0 102 95 91 89 89 93 100 109 120 132 144 156 166 175 182 185 185 182 175 165 152 139 125 113 101 91 82 75 70 67 65 64 64 66 69 74 80 89 99 111 123 136 148 159 168 173 176 175 171 164 154 143 130 117 104 91 81 72 65 60 56 55 54 55 58 62 69 77 88 101 115 130 144 158 169 177 182 
0 0 0 0 0 0 0 0 0 0 0 0 0 0 0 0 0 0 0 0 0 0 104 98 94 91 91 94 100 109 120 131 144 156 166 175 182 186 187 185 179 170 159 145 131 117 104 93 84 77 71 68 65 64 64 65 67 71 76 83 92 102 114 127 140 152 163 171 175 177 175 169 161 150 138 125 112 99 87 77 70 64 60 57 56 56 57 60 65 72 82 93 107 121 136 150 162 172 178 181 
0 0 0 0 0 0 0 0 0 0 0 0 0 0 0 0 0 0 0 0 0 107 101 96 94 94 96 102 110 120 132 144 156 167 176 183 188 189 188 184 176 165 152 138 123 109 96 86 77 71 67 65 64 64 65 66 69 73 78 86 95 107 119 133 146 158 167 174 178 178 174 168 158 146 134 120 107 95 84 75 68 63 60 58 58 58 60 63 68 76 86 99 113 128 142 155 166 174 179 180 
0 0 0 0 0 0 0 0 0 0 0 0 0 0 0 0 0 0 0 0 0 104 99 96 96 98 103 111 121 132 145 157 168 178 185 189 191 190 187 180 171 159 145 130 115 101 89 79 72 67 64 63 63 64 65 67 71 75 81 90 100 112 125 139 152 164 173 178 181 179 174 166 155 142 129 115 102 90 80 72 66 62 60 59 59 60 63 66 72 81 92 105 120 135 149 161 170 176 178 178 
0 0 0 0 0 0 0 0 0 0 0 0 0 0 0 0 0 0 0 0 107 102 99 98 100 105 112 121 132 145 157 169 179 187 191 193 192 189 183 175 164 151 137 122 107 93 82 73 67 63 61 60 61 63 65 69 73 78 85 94 105 118 132 146 159 170 177 182 182 179 173 163 151 138 124 111 98 86 77 69 64 61 60 60 61 62 65 70 76 86 98 112 127 142 155 166 173 177 178 175 
0 0 0 0 0 0 0 0 0 0 0 0 0 0 0 0 0 0 0 111 105 102 101 102 106 113 122 132 144 156 169 179 187 192 194 193 190 184 176 167 155 142 127 113 99 86 76 68 62 59 58 58 60 62 66 70 75 82 90 100 112 125 139 153 165 175 181 184 183 178 170 159 147 133 119 106 93 82 73 66 62 60 60 60 62 64 68 73 81 91 104 119 134 149 161 171 176 178 177 172 
0 0 0 0 0 0 0 0 0 0 0 0 0 0 0 0 0 0 0 110 106 104 105 109 115 123 132 143 155 167 178 187 193 195 194 190 184 176 167 156 144 131 117 103 90 79 70 63 58 56 55 56 58 62 66 71 78 86 95 107 119 133 147 160 171 179 184 184 181 175 166 155 142 128 114 101 88 78 70 64 61 59 60 61 63 67 71 78 87 98 111 126 141 155 167 175 179 179 176 170 
0 0 0 0 0 0 0 0 0 0 0 0 0 0 0 0 0 0 117 112 110 110 112 117 125 134 144 154 165 176 185 191 194 193 190 183 175 165 155 144 132 119 106 94 82 72 64 59 55 53 53 55 58 62 67 73 81 90 101 114 128 142 155 167 176 182 184 183 178 171 161 149 136 122 108 95 84 74 67 62 60 59 60 62 66 70 76 83 93 105 119 134 148 162 172 179 182 180 175 168 
0 0 0 0 0 0 0 0 0 0 0 0 0 0 0 0 0 125 121 118 117 118 122 129 136 145 155 165 174 182 189 192 192 189 182 173 163 153 142 131 119 107 95 84 74 66 60 55 52 51 52 54 58 63 69 77 86 97 109 122 137 150 163 173 180 184 184 180 174 165 154 142 129 115 102 89 79 70 64 61 60 60 62 65 69 74 80 89 100 112 127 141 155 167 177 182 183 180 174 165 
0 0 0 0 0 0 0 0 0 0 0 0 0 0 0 0 0 131 128 127 128 130 135 142 149 158 166 174 181 186 190 190 187 181 172 162 151 139 128 117 106 96 85 76 68 61 56 52 50 50 52 55 59 66 73 82 93 104 118 132 146 159 170 179 183 184 182 176 168 158 147 135 121 108 95 84 74 67 62 60 60 62 65 68 73 79 86 95 107 120 134 148 161 172 180 184 184 180 172 161 
0 0 0 0 0 0 0 0 0 0 0 0 0 0 0 0 142 140 139 139 141 145 150 156 162 169 176 181 185 188 188 185 180 171 161 149 137 126 115 105 95 86 77 69 63 57 53 51 50 51 53 57 63 71 80 90 101 114 128 142 155 167 177 183 185 183 178 171 162 151 139 126 113 100 88 78 70 64 61 61 62 65 68 73 78 84 92 102 114 127 141 155 167 176 182 184 183 177 168 157 
0 0 0 0 0 0 0 0 0 0 0 0 0 0 0 152 152 152 152 154 157 160 165 170 174 179 183 185 186 186 183 178 170 160 149 136 125 113 103 94 85 77 70 64 59 55 52 51 51 52 56 62 69 78 88 100 112 126 139 153 165 175 182 185 185 181 174 164 154 143 130 118 105 93 82 72 66 62 60 61 64 68 72 77 83 90 98 109 121 134 148 160 171 179 183 184 180 173 163 151 
0 0 0 0 0 0 0 0 0 0 0 0 0 0 0 162 163 165 167 169 172 175 179 182 184 186 187 186 184 181 176 168 159 148 136 124 112 102 93 85 77 71 65 61 57 54 53 52 53 56 61 68 77 87 99 112 125 138 151 163 174 181 186 187 183 177 168 157 146 134 121 109 97 85 75 67 62 59 60 62 66 71 76 82 88 95 105 115 128 141 153 165 174 181 183 182 177 169 158 144 
0 0 0 0 0 0 0 0 0 0 0 0 0 0 169 172 175 177 180 183 186 188 189 190 190 189 187 184 179 173 166 157 147 135 124 112 101 92 84 77 71 66 62 59 56 55 54 55 57 61 68 76 87 99 112 125 138 151 163 173 182 187 188 186 181 172 161 149 137 125 113 100 89 78 69 63 59 58 59 63 68 74 80 86 94 102 111 123 135 147 159 170 177 182 182 179 172 163 151 137 
0 0 0 0 0 0 0 0 0 0 0 0 0 174 179 182 185 188 191 193 195 196 196 195 192 189 184 178 171 163 155 145 134 123 112 101 92 84 77 71 67 63 60 58 57 56 57 59 62 68 76 86 98 111 125 138 151 163 174 182 188 190 189 185 177 166 154 141 128 116 104 93 82 72 64 59 56 56 59 64 70 77 84 92 100 109 119 131 143 155 165 174 180 182 181 176 167 157 144 130 
0 0 0 0 0 0 0 0 0 0 0 0 0 182 187 190 193 196 198 199 200 199 198 195 190 184 177 169 161 151 142 132 122 111 101 92 84 77 71 67 63 61 59 58 57 58 60 63 68 76 86 97 110 124 138 151 163 174 183 189 192 192 188 181 171 159 146 132 119 107 96 85 76 67 60 56 54 56 60 66 73 81 89 98 107 117 128 140 151 162 171 178 182 182 178 171 161 150 137 123 
0 0 0 0 0 0 0 0 0 0 0 0 183 188 192 195 197 199 199 199 199 197 194 189 183 176 168 158 148 139 129 119 110 100 92 84 77 72 67 63 61 59 58 58 59 61 64 69 76 85 96 109 123 138 151 164 174 183 189 193 193 191 185 176 165 151 137 123 110 98 88 79 70 62 57 53 53 56 62 69 77 86 95 105 115 126 138 149 160 170 177 182 183 181 175 166 155 142 129 116 
0 0 0 0 0 0 0 0 0 0 0 179 186 191 194 196 197 197 196 195 192 189 185 179 173 164 155 145 135 125 116 107 99 91 84 77 72 67 64 61 59 58 58 59 61 64 69 76 84 95 108 122 137 151 164 175 183 190 193 194 192 188 180 169 157 142 128 114 101 90 81 72 65 58 54 52 53 57 64 72 81 92 102 113 125 136 148 159 169 177 183 185 183 179 170 160 147 134 120 108 
0 0 0 0 0 0 0 0 0 0 0 180 186 190 192 193 192 191 188 185 182 177 172 166 159 150 141 131 121 112 103 95 88 82 76 71 67 63 60 58 57 57 58 60 64 69 75 84 94 107 121 136 151 164 175 184 190 194 195 193 189 182 173 161 148 133 118 105 92 82 73 66 60 55 52 51 53 59 66 76 86 98 109 122 134 146 158 168 177 183 186 186 182 175 164 152 138 124 111 99 
0 0 0 0 0 0 0 0 0 0 172 178 183 185 186 185 183 180 177 172 167 162 156 149 142 134 125 116 107 98 91 84 79 74 69 65 62 59 57 56 56 57 59 63 68 74 83 93 106 120 135 150 164 176 185 192 195 196 194 190 184 175 165 152 139 124 109 96 84 74 67 61 56 53 51 51 55 61 70 80 92 104 117 130 143 156 167 177 184 187 188 185 178 168 156 142 128 114 101 91 
0 0 0 0 0 0 0 0 0 0 167 172 175 177 176 174 171 167 162 156 151 144 138 131 125 117 109 101 93 86 79 74 69 66 63 60 58 56 54 54 55 57 61 66 73 82 92 104 118 133 148 163 176 186 193 197 197 195 190 184 176 167 155 143 129 115 101 88 77 68 61 56 53 51 51 53 57 65 74 86 98 111 125 139 152 165 175 183 188 189 187 181 172 160 147 132 117 103 91 82 
0 0 0 0 0 0 0 0 0 155 159 163 164 164 163 160 155 151 145 139 133 126 120 113 107 100 94 87 80 74 68 64 61 58 56 55 53 53 53 54 56 59 65 72 80 91 103 116 131 146 161 175 186 194 198 198 196 191 184 176 167 157 145 133 119 106 92 80 70 62 56 52 51 50 52 56 61 70 80 92 105 119 133 147 160 172 181 187 190 188 183 175 164 150 136 120 106 93 82 73 
0 0 0 0 0 0 0 0 143 146 148 150 150 149 147 143 138 133 127 121 115 108 102 96 90 85 79 73 68 63 59 55 53 52 51 50 51 51 53 55 59 64 71 80 90 102 115 129 144 159 173 185 193 198 199 197 192 185 176 166 156 145 134 122 109 97 84 73 64 57 53 50 50 52 55 60 67 76 87 99 112 127 141 155 167 177 185 188 188 185 177 167 154 139 124 109 95 83 73 66 
0 0 0 0 0 0 0 0 133 133 134 134 134 132 129 125 120 115 109 103 97 91 86 80 76 71 66 62 57 54 50 48 47 47 47 48 50 52 56 60 65 72 81 91 102 115 129 143 157 171 182 191 197 198 197 192 184 175 165 155 144 133 122 110 99 87 76 67 59 54 51 50 51 55 59 66 74 83 95 107 121 135 148 161 172 181 185 187 184 178 168 156 142 127 112 98 85 74 66 60 
0 0 0 0 0 0 0 121 119 118 118 117 116 114 111 107 103 98 93 87 82 76 72 67 63 59 56 52 49 46 44 43 43 44 46 49 53 57 62 68 76 84 94 105 117 130 144 157 170 181 189 195 197 196 191 184 174 164 153 142 130 120 109 98 88 78 69 61 55 52 50 51 54 59 65 73 82 92 104 117 130 143 156 167 175 181 183 182 177 169 158 145 131 116 101 88 76 67 60 56 
0 0 0 0 0 0 0 109 105 103 101 100 98 96 93 90 86 82 77 73 68 64 60 56 53 50 48 45 43 42 41 41 42 44 48 53 59 65 73 81 90 99 110 121 134 146 159 170 181 189 194 196 195 190 182 173 162 151 139 127 116 106 96 86 77 69 61 56 52 51 51 54 59 65 73 82 92 103 114 127 140 152 162 171 177 180 179 175 168 159 147 134 119 105 92 79 69 62 56 53 
0 0 0 0 0 0 102 95 90 87 85 83 82 80 77 74 71 68 64 61 58 54 51 49 46 44 43 41 41 40 40 41 44 48 53 60 68 77 86 96 106 117 128 139 151 163 173 182 189 194 196 194 189 182 172 161 148 136 124 113 102 92 83 75 67 60 55 52 50 51 54 59 65 73 82 91 102 114 126 138 150 160 169 174 177 177 173 167 158 148 136 123 109 96 84 73 64 58 54 52 
0 0 0 0 0 100 90 82 76 72 70 68 67 65 63 61 59 56 54 52 50 48 46 44 43 42 41 41 41 42 43 46 50 55 62 71 81 92 103 114 125 136 147 158 168 177 185 191 195 196 195 190 182 172 160 147 134 121 109 98 88 80 72 65 59 54 51 49 50 53 58 64 72 81 91 102 113 125 137 149 160 168 174 177 176 173 166 158 148 137 126 113 101 89 78 68 61 56 53 52 
0 0 0 0 0 90 80 71 64 60 57 56 55 54 52 50 49 48 47 46 45 44 43 42 42 42 43 44 45 47 50 54 60 67 75 85 97 109 121 133 144 155 165 174 182 188 193 196 197 195 190 183 173 161 147 133 119 106 95 84 76 69 62 57 53 50 48 49 51 56 62 70 79 90 101 112 125 137 149 160 169 175 178 178 174 168 159 150 139 128 117 106 95 84 74 66 60 56 54 54 
0 0 0 0 94 81 71 62 55 51 48 47 46 45 44 43 42 42 42 42 43 43 43 44 45 46 47 50 53 56 61 67 73 82 92 103 115 127 140 152 163 172 181 187 192 196 197 197 194 190 182 173 161 148 133 119 105 92 82 73 65 60 55 51 49 47 48 50 54 60 68 77 88 99 111 124 136 149 160 170 177 181 181 178 171 162 152 141 130 119 109 99 90 81 72 66 60 57 56 57 
0 0 0 0 86 74 64 55 49 45 43 41 40 40 40 39 39 40 41 42 44 45 47 49 51 53 56 60 64 69 76 83 91 100 111 122 135 147 159 170 180 187 193 196 198 198 196 193 187 180 171 160 148 134 119 105 92 80 70 63 57 53 50 48 47 47 49 53 59 66 75 86 97 109 122 135 148 160 170 178 183 184 182 176 167 156 145 133 122 112 102 94 86 78 72 66 62 60 60 61 
0 0 0 93 81 70 60 52 47 43 41 39 39 39 39 39 40 41 43 46 48 51 54 57 60 64 68 73 79 85 93 102 111 121 132 143 155 166 177 186 193 198 201 201 199 195 190 184 176 167 157 146 133 119 105 92 80 69 61 55 50 48 46 46 47 49 52 58 65 74 84 96 108 121 134 147 159 170 178 184 186 185 180 172 161 149 137 125 114 104 95 88 82 76 71 67 64 63 64 66 
0 0 0 89 78 67 59 53 48 45 43 41 41 41 42 43 45 47 49 53 56 60 64 69 73 78 83 89 96 104 113 122 132 143 154 164 174 184 192 198 202 204 203 200 195 188 180 171 162 152 141 130 117 105 92 80 70 61 54 49 46 44 44 45 48 52 57 65 73 83 95 107 120 134 147 159 170 179 185 188 188 184 176 166 154 141 128 116 105 96 89 82 77 73 70 68 66 67 69 72 
0 0 98 87 77 68 62 56 53 50 48 47 48 48 50 51 54 57 60 64 69 74 79 84 89 95 101 108 115 124 133 143 154 164 174 183 191 198 203 206 207 205 201 195 187 177 167 157 146 135 124 113 102 91 80 70 61 54 49 45 43 42 44 47 51 57 64 73 83 95 107 120 133 147 159 170 179 186 189 190 186 180 170 158 145 132 119 107 97 88 82 77 73 70 68 68 68 70 73 77 
0 0 97 87 79 72 67 63 61 59 58 57 58 60 62 64 67 71 75 80 85 91 96 102 109 115 121 128 135 143 153 162 172 182 191 198 203 207 209 208 205 200 193 185 175 164 152 141 129 118 108 98 88 79 70 62 55 49 45 42 41 42 45 50 56 64 73 84 95 108 121 134 147 160 171 180 186 190 191 188 182 173 161 148 135 121 109 98 88 81 75 71 68 67 66 67 69 72 77 83 
0 108 99 91 84 79 76 73 72 71 71 71 73 75 78 82 85 89 94 99 105 111 117 123 130 136 142 148 155 162 170 179 188 196 203 208 210 210 208 205 199 191 182 172 160 148 136 124 113 103 93 84 76 68 61 55 50 46 43 42 42 44 48 55 63 73 84 96 109 122 135 148 161 172 181 187 190 191 188 183 174 163 151 137 123 110 99 89 80 74 69 65 64 63 64 66 70 75 81 88 
119 111 104 97 92 89 87 86 86 86 87 89 91 95 99 103 107 112 116 122 127 133 139 145 151 156 162 167 172 177 184 191 198 204 209 211 210 208 202 196 187 178 167 156 144 132 120 109 98 88 80 72 66 60 55 51 47 45 43 43 44 48 54 62 72 84 97 110 123 137 150 162 173 182 188 191 191 188 183 174 164 152 138 125 111 99 89 80 73 67 63 61 60 61 63 66 71 77 85 94 
124 117 111 107 103 102 101 102 103 104 106 109 112 117 122 126 131 136 140 145 151 156 161 166 171 175 179 182 185 189 193 198 202 206 208 208 204 199 191 182 172 161 150 139 127 116 104 94 84 76 69 63 58 54 51 48 46 45 45 46 49 54 62 72 84 97 111 125 138 152 164 175 183 189 192 192 188 182 174 163 152 139 125 111 99 88 79 72 66 62 59 57 57 59 62 66 73 81 90 100 
132 127 123 120 118 117 118 119 121 123 126 130 135 140 145 150 155 160 164 169 173 177 182 185 188 190 192 193 194 196 197 199 201 202 202 199 193 185 176 165 154 143 132 121 110 99 89 80 72 65 60 55 52 50 48 47 47 47 48 51 56 63 73 84 98 112 126 140 153 166 176 185 191 193 193 189 182 173 162 151 138 125 111 99 87 78 70 64 60 57 55 55 55 58 62 68 76 85 96 108 
142 139 137 135 134 134 135 137 140 143 147 151 156 162 167 173 177 182 185 189 192 195 198 199 200 201 200 199 198 197 196 195 195 193 190 185 178 169 158 147 135 124 114 103 94 84 76 68 62 57 53 50 48 47 47 47 49 51 54 59 66 75 86 99 113 128 142 155 167 178 186 192 195 194 190 182 173 162 149 137 124 111 98 87 77 69 63 58 55 54 53 53 55 58 64 71 81 91 104 117 
155 153 152 151 151 151 153 155 158 161 165 170 175 181 186 191 195 199 202 204 206 207 208 208 207 205 203 200 197 193 190 187 183 180 175 168 160 150 139 127 116 106 96 87 79 71 64 59 54 51 48 47 46 46 48 50 53 57 63 70 78 89 101 115 130 144 158 170 180 188 193 196 195 191 183 173 162 149 136 123 110 98 86 76 67 61 56 53 52 51 51 53 56 61 68 76 87 100 113 127 
167 167 166 166 166 167 168 170 173 176 180 184 189 194 199 203 207 210 212 213 213 213 212 210 207 204 200 195 190 185 179 174 169 164 157 150 141 130 120 109 98 89 80 73 66 60 55 51 48 46 45 45 46 48 50 54 60 66 74 83 93 105 118 132 147 160 172 182 190 195 197 196 191 184 174 162 150 136 123 110 98 86 76 67 60 55 51 50 49 50 51 54 58 64 73 84 96 110 124 139 
177 178 178 178 178 179 180 181 184 186 190 193 197 202 206 209 212 214 214 214 213 212 209 205 201 196 191 185 179 172 165 159 152 146 139 131 122 112 101 91 82 74 67 61 56 52 49 47 45 45 45 46 48 51 56 62 69 78 87 98 110 122 136 150 163 175 184 192 196 198 196 192 185 175 163 150 137 123 110 98 87 76 67 60 54 50 48 48 48 50 52 56 62 70 80 93 107 122 137 151 
184 185 185 185 186 186 186 187 189 191 193 196 199 202 205 207 209 210 210 209 206 203 199 195 189 183 177 171 164 156 149 142 135 128 120 112 104 95 85 76 68 61 56 52 48 46 45 44 45 46 48 50 53 58 64 72 81 91 103 115 127 140 153 166 177 187 194 198 199 197 193 185 175 163 150 137 124 111 99 87 77 68 60 54 50 48 47 47 49 51 55 60 68 78 90 104 119 135 150 164 
185 186 187 187 187 187 187 187 188 189 190 192 194 196 198 199 200 200 198 196 193 189 184 179 173 167 160 153 146 139 132 124 117 110 103 96 88 80 71 64 57 51 47 45 43 43 43 45 47 50 53 57 62 68 76 85 96 108 120 132 145 157 169 179 189 195 200 201 199 194 186 176 164 150 137 123 111 99 88 78 69 62 56 51 48 47 47 48 51 54 59 66 75 87 101 116 133 149 164 177 
180 182 182 182 182 181 181 181 181 181 181 182 183 184 185 186 185 184 182 179 175 171 166 160 154 148 141 135 128 121 114 108 101 94 88 82 75 67 60 54 48 44 41 40 40 42 44 47 51 56 61 66 73 81 90 101 113 125 137 150 161 172 182 190 197 200 201 200 195 187 176 164 151 137 123 110 98 87 78 70 63 57 52 49 47 47 48 50 54 59 65 74 85 98 113 129 146 162 176 187 
170 171 171 171 171 170 169 169 168 168 168 168 168 169 169 168 167 165 162 159 154 150 144 139 133 128 122 116 110 104 98 92 86 81 75 70 64 58 52 47 42 40 38 39 40 43 47 52 57 64 71 78 87 96 107 118 131 143 155 166 176 185 192 197 201 201 199 195 187 177 165 151 137 123 110 98 87 77 69 63 57 53 50 48 48 48 50 54 59 65 73 83 96 110 126 143 159 174 186 195 
156 156 156 156 155 154 153 152 151 151 150 150 150 150 150 148 147 144 141 137 132 128 123 118 113 109 104 98 93 88 83 78 74 69 65 60 55 51 46 42 40 38 39 40 43 47 52 59 66 75 83 92 102 113 124 137 149 160 171 180 188 194 198 200 200 198 193 186 177 165 152 138 123 110 97 86 76 68 62 57 53 50 49 48 49 51 54 59 65 73 83 95 109 124 140 156 171 183 193 200 
138 138 138 137 136 135 134 133 133 132 132 132 131 131 130 128 126 123 120 116 111 107 103 99 95 91 87 83 79 75 71 67 63 60 56 53 49 46 43 41 40 40 42 44 48 54 60 68 77 87 98 108 119 131 142 154 166 176 185 192 197 200 201 200 196 191 184 175 164 151 137 123 110 97 86 76 68 61 56 52 50 49 49 50 51 55 59 65 73 83 95 108 123 139 154 168 181 191 198 201 
120 119 118 117 116 115 114 114 114 114 113 113 113 112 111 109 107 104 101 97 93 89 85 82 79 77 74 70 67 64 61 58 55 52 50 48 46 44 43 42 43 45 48 52 57 64 72 81 91 102 114 125 137 148 160 171 181 190 196 201 203 202 200 195 189 181 171 160 148 135 122 109 96 85 75 67 60 55 51 49 48 48 50 52 55 60 66 74 84 95 109 123 138 153 167 180 189 196 200 200 
101 100 98 97 96 96 96 96 96 96 97 96 96 95 94 92 90 88 85 81 78 74 71 69 67 65 63 61 58 56 53 51 49 48 46 45 45 44 45 47 49 53 58 63 70 77 86 96 107 119 131 143 154 165 176 185 193 200 204 205 204 200 194 186 177 167 156 144 132 119 106 94 83 73 65 59 53 49 47 46 47 48 51 55 61 67 75 84 96 109 124 139 154 168 180 189 196 199 199 195 
84 83 81 80 79 79 80 81 81 82 82 82 81 80 79 78 76 74 72 69 66 63 61 59 58 57 55 54 52 50 49 47 46 46 45 46 46 48 50 54 59 64 71 78 85 93 103 114 125 137 149 160 171 180 189 196 202 205 207 205 201 194 185 174 163 151 139 127 114 102 90 80 71 63 57 52 48 45 44 45 47 50 55 61 68 76 86 97 110 125 140 155 169 181 191 197 199 199 195 188 
70 68 67 66 66 66 67 69 69 70 70 69 69 68 67 66 65 64 62 60 58 55 54 52 52 51 50 49 48 47 46 46 46 46 47 49 51 54 59 64 71 78 86 94 103 112 122 132 144 155 166 176 185 193 199 203 206 206 204 200 193 183 172 159 146 133 121 108 96 85 75 66 59 53 49 46 43 42 43 45 48 53 60 68 77 87 99 112 126 141 156 170 182 192 198 201 200 196 188 179 
58 57 56 56 56 57 58 60 60 61 60 60 59 58 58 58 57 56 55 54 52 51 49 48 48 48 48 47 47 47 47 47 48 50 52 56 60 65 71 78 86 95 104 113 122 131 141 151 162 172 181 189 196 201 204 205 205 202 197 190 181 169 156 142 128 115 103 91 80 70 62 55 49 45 43 41 40 41 43 47 52 59 67 77 88 101 114 128 142 157 170 183 193 200 203 202 197 190 180 168 
50 50 49 49 50 51 52 53 54 54 53 52 52 51 51 51 51 51 51 50 50 48 48 47 47 47 48 48 49 50 51 52 54 57 61 66 72 78 86 95 104 114 123 133 142 151 160 169 178 186 193 199 203 204 204 202 198 193 185 176 165 152 138 124 110 97 85 75 65 57 50 45 41 39 38 38 39 42 46 51 58 66 76 88 101 115 130 144 158 171 183 193 200 204 203 199 191 181 168 155 
44 44 45 45 46 47 49 49 50 49 48 47 47 47 47 48 48 49 49 49 49 49 48 48 48 49 50 52 54 55 57 60 64 68 73 80 87 95 104 113 124 134 144 153 161 169 177 184 191 197 201 204 204 203 199 194 187 179 170 159 147 134 120 106 93 81 71 61 53 46 41 37 35 35 36 38 41 45 51 58 66 76 88 101 116 130 145 159 172 183 193 199 203 203 199 192 182 169 155 141 
40 42 43 44 45 46 47 48 47 46 45 45 44 44 45 46 47 48 49 50 51 51 51 51 52 54 56 59 62 65 68 72 76 82 89 96 104 113 123 133 144 154 163 171 178 185 190 195 200 203 204 204 201 196 190 181 172 162 151 140 128 115 103 90 78 68 59 51 44 39 35 32 32 33 36 40 45 51 59 68 78 89 102 116 131 146 160 173 184 192 198 201 201 198 192 182 170 156 141 127 
39 41 43 45 46 47 47 47 47 46 45 44 44 44 45 47 48 50 52 54 55 56 56 57 59 62 65 69 73 78 82 87 92 99 107 115 124 133 143 153 163 172 180 187 192 196 199 202 203 204 202 199 193 186 176 166 155 143 132 120 109 98 87 76 66 58 50 44 39 35 32 31 31 34 39 45 52 61 70 80 92 104 117 132 146 160 173 184 192 197 199 199 196 189 181 169 156 142 127 113 
40 43 46 47 49 49 49 49 48 47 46 46 46 47 48 50 52 55 57 60 62 63 65 67 70 73 78 83 88 94 99 105 111 119 127 135 144 152 161 171 179 187 194 198 201 203 204 203 202 200 196 189 181 171 160 148 136 124 112 102 91 82 73 64 57 50 45 40 36 34 32 32 34 38 44 52 62 73 84 96 108 121 134 148 161 173 183 191 196 198 196 192 186 177 166 154 141 127 113 100 
