2
100
100
0 0 0 0 0 0 0 0 0 0 0 0 0 0 0 0 0 0 0 0 0 0 0 0 0 0 0 0 0 0 0 0 0 0 0 0 0 0 0 0 0 0 0 0 0 0 0 0 0 0 0 0 0 0 0 0 0 0 0 0 0 0 0 0 0 0 0 0 0 0 0 0 0 0 0 0 0 0 0 0 0 0 0 0 0 0 0 0 0 0 0 0 0 0 0 0 0 0 0 137 
0 0 0 0 0 0 0 0 0 0 0 0 0 0 0 0 0 0 0 0 0 0 0 0 0 0 0 0 0 0 0 0 0 0 0 0 0 0 0 0 0 0 0 0 0 0 0 0 0 0 0 0 0 0 0 0 0 0 0 0 0 0 0 0 0 0 0 0 0 0 0 0 0 0 0 0 0 0 0 0 0 0 0 0 0 0 0 0 0 0 0 0 0 0 0 0 0 124 126 130 
0 0 0 0 0 0 0 0 0 0 0 0 0 0 0 0 0 0 0 0 0 0 0 0 0 0 0 0 0 0 0 0 0 0 0 0 0 0 0 0 0 0 0 0 0 0 0 0 0 0 0 0 0 0 0 0 0 0 0 0 0 0 0 0 0 0 0 0 0 0 0 0 0 0 0 0 0 0 0 0 0 0 0 0 0 0 0 0 0 0 0 0 0 0 0 118 116 116 119 124 
0 0 0 0 0 0 0 0 0 0 0 0 0 0 0 0 0 0 0 0 0 0 0 0 0 0 0 0 0 0 0 0 0 0 0 0 0 0 0 0 0 0 0 0 0 0 0 0 0 0 0 0 0 0 0 0 0 0 0 0 0 0 0 0 0 0 0 0 0 0 0 0 0 0 0 0 0 0 0 0 0 0 0 0 0 0 0 0 0 0 0 0 0 118 114 111 109 110 113 120 
0 0 0 0 0 0 0 0 0 0 0 0 0 0 0 0 0 0 0 0 0 0 0 0 0 0 0 0 0 0 0 0 0 0 0 0 0 0 0 0 0 0 0 0 0 0 0 0 0 0 0 0 0 0 0 0 0 0 0 0 0 0 0 0 0 0 0 0 0 0 0 0 0 0 0 0 0 0 0 0 0 0 0 0 0 0 0 0 0 0 0 119 115 110 107 104 104 106 110 117 
0 0 0 0 0 0 0 0 0 0 0 0 0 0 0 0 0 0 0 0 0 0 0 0 0 0 0 0 0 0 0 0 0 0 0 0 0 0 0 0 0 0 0 0 0 0 0 0 0 0 0 0 0 0 0 0 0 0 0 0 0 0 0 0 0 0 0 0 0 0 0 0 0 0 0 0 0 0 0 0 0 0 0 0 0 0 0 0 0 120 115 111 107 103 100 99 100 103 108 116 
0 0 0 0 0 0 0 0 0 0 0 0 0 0 0 0 0 0 0 0 0 0 0 0 0 0 0 0 0 0 0 0 0 0 0 0 0 0 0 0 0 0 0 0 0 0 0 0 0 0 0 0 0 0 0 0 0 0 0 0 0 0 0 0 0 0 0 0 0 0 0 0 0 0 0 0 0 0 0 0 0 0 0 0 0 0 0 121 116 111 107 103 99 97 95 95 97 101 107 116 
0 0 0 0 0 0 0 0 0 0 0 0 0 0 0 0 0 0 0 0 0 0 0 0 0 0 0 0 0 0 0 0 0 0 0 0 0 0 0 0 0 0 0 0 0 0 0 0 0 0 0 0 0 0 0 0 0 0 0 0 0 0 0 0 0 0 0 0 0 0 0 0 0 0 0 0 0 0 0 0 0 0 0 0 0 125 118 112 107 102 98 95 92 91 90 92 95 99 106 115 
0 0 0 0 0 0 0 0 0 0 0 0 0 0 0 0 0 0 0 0 0 0 0 0 0 0 0 0 0 0 0 0 0 0 0 0 0 0 0 0 0 0 0 0 0 0 0 0 0 0 0 0 0 0 0 0 0 0 0 0 0 0 0 0 0 0 0 0 0 0 0 0 0 0 0 0 0 0 0 0 0 0 0 0 126 119 111 105 99 95 91 88 86 85 86 87 91 97 104 113 
0 0 0 0 0 0 0 0 0 0 0 0 0 0 0 0 0 0 0 0 0 0 0 0 0 0 0 0 0 0 0 0 0 0 0 0 0 0 0 0 0 0 0 0 0 0 0 0 0 0 0 0 0 0 0 0 0 0 0 0 0 0 0 0 0 0 0 0 0 0 0 0 0 0 0 0 0 0 0 0 0 0 139 131 122 114 106 99 93 88 85 82 80 80 80 83 87 93 101 111 
0 0 0 0 0 0 0 0 0 0 0 0 0 0 0 0 0 0 0 0 0 0 0 0 0 0 0 0 0 0 0 0 0 0 0 0 0 0 0 0 0 0 0 0 0 0 0 0 0 0 0 0 0 0 0 0 0 0 0 0 0 0 0 0 0 0 0 0 0 0 0 0 0 0 0 0 0 0 0 0 153 146 138 129 120 110 101 94 88 83 79 77 75 75 75 78 82 88 97 107 
0 0 0 0 0 0 0 0 0 0 0 0 0 0 0 0 0 0 0 0 0 0 0 0 0 0 0 0 0 0 0 0 0 0 0 0 0 0 0 0 0 0 0 0 0 0 0 0 0 0 0 0 0 0 0 0 0 0 0 0 0 0 0 0 0 0 0 0 0 0 0 0 0 0 0 0 0 0 162 159 154 147 138 128 118 108 99 90 84 79 75 72 70 70 70 73 77 84 92 103 
0 0 0 0 0 0 0 0 0 0 0 0 0 0 0 0 0 0 0 0 0 0 0 0 0 0 0 0 0 0 0 0 0 0 0 0 0 0 0 0 0 0 0 0 0 0 0 0 0 0 0 0 0 0 0 0 0 0 0 0 0 0 0 0 0 0 0 0 0 0 0 0 0 0 0 0 163 165 164 161 155 147 138 128 117 106 97 88 81 75 71 68 66 65 66 68 72 79 88 100 
0 0 0 0 0 0 0 0 0 0 0 0 0 0 0 0 0 0 0 0 0 0 0 0 0 0 0 0 0 0 0 0 0 0 0 0 0 0 0 0 0 0 0 0 0 0 0 0 0 0 0 0 0 0 0 0 0 0 0 0 0 0 0 0 0 0 0 0 0 0 0 0 0 0 0 160 164 166 165 162 156 148 138 127 116 106 95 87 79 73 68 65 63 62 62 64 68 75 85 96 
0 0 0 0 0 0 0 0 0 0 0 0 0 0 0 0 0 0 0 0 0 0 0 0 0 0 0 0 0 0 0 0 0 0 0 0 0 0 0 0 0 0 0 0 0 0 0 0 0 0 0 0 0 0 0 0 0 0 0 0 0 0 0 0 0 0 0 0 0 0 0 0 0 146 152 158 163 166 166 163 157 148 138 127 116 105 95 86 78 72 67 63 60 59 59 61 65 72 82 94 
0 0 0 0 0 0 0 0 0 0 0 0 0 0 0 0 0 0 0 0 0 0 0 0 0 0 0 0 0 0 0 0 0 0 0 0 0 0 0 0 0 0 0 0 0 0 0 0 0 0 0 0 0 0 0 0 0 0 0 0 0 0 0 0 0 0 0 0 0 0 0 131 135 141 148 156 162 165 166 162 156 148 137 126 115 105 95 85 78 71 66 61 58 57 57 59 64 71 81 93 
0 0 0 0 0 0 0 0 0 0 0 0 0 0 0 0 0 0 0 0 0 0 0 0 0 0 0 0 0 0 0 0 0 0 0 0 0 0 0 0 0 0 0 0 0 0 0 0 0 0 0 0 0 0 0 0 0 0 0 0 0 0 0 0 0 0 0 0 0 0 121 123 129 136 145 153 160 164 165 162 156 147 137 126 115 104 94 85 78 71 65 61 58 56 56 58 63 71 81 93 
0 0 0 0 0 0 0 0 0 0 0 0 0 0 0 0 0 0 0 0 0 0 0 0 0 0 0 0 0 0 0 0 0 0 0 0 0 0 0 0 0 0 0 0 0 0 0 0 0 0 0 0 0 0 0 0 0 0 0 0 0 0 0 0 0 0 0 0 113 111 112 116 123 132 142 152 159 163 164 161 155 146 136 125 114 103 94 85 78 71 66 61 58 56 56 58 64 72 82 95 
0 0 0 0 0 0 0 0 0 0 0 0 0 0 0 0 0 0 0 0 0 0 0 0 0 0 0 0 0 0 0 0 0 0 0 0 0 0 0 0 0 0 0 0 0 0 0 0 0 0 0 0 0 0 0 0 0 0 0 0 0 0 0 0 0 0 111 106 103 103 105 111 119 130 140 150 158 163 163 160 154 145 135 124 113 102 93 85 78 71 66 62 58 56 57 59 65 73 84 97 
0 0 0 0 0 0 0 0 0 0 0 0 0 0 0 0 0 0 0 0 0 0 0 0 0 0 0 0 0 0 0 0 0 0 0 0 0 0 0 0 0 0 0 0 0 0 0 0 0 0 0 0 0 0 0 0 0 0 0 0 0 0 0 0 0 107 101 97 95 97 101 108 118 129 140 150 158 162 163 160 153 144 134 122 111 101 91 84 77 71 66 62 59 57 58 61 67 75 86 99 
0 0 0 0 0 0 0 0 0 0 0 0 0 0 0 0 0 0 0 0 0 0 0 0 0 0 0 0 0 0 0 0 0 0 0 0 0 0 0 0 0 0 0 0 0 0 0 0 0 0 0 0 0 0 0 0 0 0 0 0 0 0 0 109 103 97 93 90 90 93 98 107 118 129 141 151 158 162 162 159 152 143 132 120 109 98 89 82 76 71 66 62 60 58 59 63 69 77 88 100 
0 0 0 0 0 0 0 0 0 0 0 0 0 0 0 0 0 0 0 0 0 0 0 0 0 0 0 0 0 0 0 0 0 0 0 0 0 0 0 0 0 0 0 0 0 0 0 0 0 0 0 0 0 0 0 0 0 0 0 0 0 0 106 100 94 89 86 85 86 91 98 108 119 131 142 152 158 161 161 157 151 141 130 118 106 96 87 79 74 69 65 62 60 59 61 65 71 79 89 101 
0 0 0 0 0 0 0 0 0 0 0 0 0 0 0 0 0 0 0 0 0 0 0 0 0 0 0 0 0 0 0 0 0 0 0 0 0 0 0 0 0 0 0 0 0 0 0 0 0 0 0 0 0 0 0 0 0 0 0 0 113 105 97 91 86 82 81 81 85 91 99 110 122 134 144 153 158 161 160 156 149 139 128 115 103 92 83 77 71 67 64 62 60 60 62 66 73 81 91 102 
0 0 0 0 0 0 0 0 0 0 0 0 0 0 0 0 0 0 0 0 0 0 0 0 0 0 0 0 0 0 0 0 0 0 0 0 0 0 0 0 0 0 0 0 0 0 0 0 0 0 0 0 0 0 0 0 0 0 0 113 105 97 89 84 79 77 77 79 84 92 101 113 125 137 147 154 159 161 159 154 147 137 125 112 100 89 80 73 68 65 62 61 60 61 64 68 75 83 92 103 
0 0 0 0 0 0 0 0 0 0 0 0 0 0 0 0 0 0 0 0 0 0 0 0 0 0 0 0 0 0 0 0 0 0 0 0 0 0 0 0 0 0 0 0 0 0 0 0 0 0 0 0 0 0 0 0 0 121 114 106 98 90 83 78 75 74 75 78 84 93 104 116 128 139 149 156 160 161 158 153 145 134 122 109 97 86 77 70 65 62 60 59 59 61 65 70 77 85 94 104 
0 0 0 0 0 0 0 0 0 0 0 0 0 0 0 0 0 0 0 0 0 0 0 0 0 0 0 0 0 0 0 0 0 0 0 0 0 0 0 0 0 0 0 0 0 0 0 0 0 0 0 0 0 0 0 0 122 115 107 100 92 85 79 74 71 71 73 78 85 94 106 118 131 142 151 158 161 161 158 152 144 133 120 107 94 83 74 67 62 59 58 57 59 61 66 72 79 87 97 107 
0 0 0 0 0 0 0 0 0 0 0 0 0 0 0 0 0 0 0 0 0 0 0 0 0 0 0 0 0 0 0 0 0 0 0 0 0 0 0 0 0 0 0 0 0 0 0 0 0 0 0 0 0 0 128 122 115 108 102 95 88 81 76 71 69 69 72 78 86 96 108 120 133 144 154 160 163 163 159 152 143 131 118 105 92 81 72 65 60 57 55 56 58 61 67 74 81 90 99 109 
0 0 0 0 0 0 0 0 0 0 0 0 0 0 0 0 0 0 0 0 0 0 0 0 0 0 0 0 0 0 0 0 0 0 0 0 0 0 0 0 0 0 0 0 0 0 0 0 0 0 0 0 0 128 122 115 109 103 97 91 85 79 73 69 68 68 72 78 87 97 109 122 135 146 156 162 165 164 160 153 143 131 118 104 91 80 70 63 58 55 54 54 57 62 68 75 83 93 102 113 
0 0 0 0 0 0 0 0 0 0 0 0 0 0 0 0 0 0 0 0 0 0 0 0 0 0 0 0 0 0 0 0 0 0 0 0 0 0 0 0 0 0 0 0 0 0 0 0 0 0 0 135 129 122 115 109 103 98 92 87 81 76 71 68 67 68 72 79 88 99 111 124 137 149 158 164 167 166 161 153 143 131 117 104 91 79 70 62 57 54 53 54 57 62 68 76 85 95 105 116 
0 0 0 0 0 0 0 0 0 0 0 0 0 0 0 0 0 0 0 0 0 0 0 0 0 0 0 0 0 0 0 0 0 0 0 0 0 0 0 0 0 0 0 0 0 0 0 0 0 0 136 129 122 116 109 103 98 93 89 84 79 74 70 67 67 69 74 81 90 102 114 127 140 151 160 166 168 167 162 154 143 131 117 104 91 79 69 61 56 53 52 53 57 62 69 78 87 97 108 119 
0 0 0 0 0 0 0 0 0 0 0 0 0 0 0 0 0 0 0 0 0 0 0 0 0 0 0 0 0 0 0 0 0 0 0 0 0 0 0 0 0 0 0 0 0 0 0 0 0 138 131 123 116 109 103 98 93 89 85 81 77 72 69 67 68 71 76 84 94 105 118 131 143 154 163 168 169 167 162 154 143 130 117 103 90 78 68 61 55 52 52 53 57 62 70 79 89 100 111 123 
0 0 0 0 0 0 0 0 0 0 0 0 0 0 0 0 0 0 0 0 0 0 0 0 0 0 0 0 0 0 0 0 0 0 0 0 0 0 0 0 0 0 0 0 0 0 0 149 142 134 125 117 109 103 97 93 89 86 83 79 75 71 69 68 69 74 80 89 99 111 123 136 147 158 165 170 170 167 161 152 141 128 115 101 88 76 67 59 55 52 52 54 57 63 71 80 91 102 115 127 
0 0 0 0 0 0 0 0 0 0 0 0 0 0 0 0 0 0 0 0 0 0 0 0 0 0 0 0 0 0 0 0 0 0 0 0 0 0 0 0 0 0 0 0 0 0 155 147 138 129 119 111 103 97 91 88 85 83 80 77 74 71 69 69 72 78 85 95 106 117 129 142 153 162 168 171 170 166 159 150 138 125 111 98 85 74 64 58 54 52 52 54 58 64 73 82 93 106 119 132 
0 0 0 0 0 0 0 0 0 0 0 0 0 0 0 0 0 0 0 0 0 0 0 0 0 0 0 0 0 0 0 0 0 0 0 0 0 0 0 0 0 0 0 0 0 161 154 144 134 123 113 104 97 91 86 83 81 80 78 76 73 71 71 72 76 82 91 102 113 125 137 149 159 167 171 172 170 164 156 146 134 120 107 93 81 70 62 56 53 51 52 55 59 66 75 85 97 110 123 137 
0 0 0 0 0 0 0 0 0 0 0 0 0 0 0 0 0 0 0 0 0 0 0 0 0 0 0 0 0 0 0 0 0 0 0 0 0 0 0 0 0 0 0 169 165 159 150 140 129 117 107 98 91 86 82 79 78 77 76 74 73 72 72 75 80 88 98 109 121 133 145 156 165 171 174 173 169 162 153 141 128 115 101 88 77 67 60 55 52 52 53 56 61 68 77 88 101 114 128 142 
0 0 0 0 0 0 0 0 0 0 0 0 0 0 0 0 0 0 0 0 0 0 0 0 0 0 0 0 0 0 0 0 0 0 0 0 0 0 0 0 0 0 170 168 163 155 146 134 122 111 101 93 86 81 78 76 75 74 74 73 72 72 74 78 85 94 105 117 130 142 153 163 171 175 176 174 168 159 148 136 122 109 96 84 73 64 58 54 52 52 54 57 63 71 80 92 105 119 134 147 
0 0 0 0 0 0 0 0 0 0 0 0 0 0 0 0 0 0 0 0 0 0 0 0 0 0 0 0 0 0 0 0 0 0 0 0 0 0 0 0 0 170 168 164 158 149 139 127 115 104 95 88 82 78 75 74 73 72 72 72 72 73 76 81 89 100 112 125 138 150 160 169 175 178 177 173 165 155 143 130 116 103 91 80 70 63 57 54 52 53 55 59 65 73 84 96 110 125 139 153 
0 0 0 0 0 0 0 0 0 0 0 0 0 0 0 0 0 0 0 0 0 0 0 0 0 0 0 0 0 0 0 0 0 0 0 0 0 0 0 168 167 166 163 158 150 141 130 119 108 98 89 83 78 75 73 72 71 71 71 71 72 74 79 86 95 106 119 132 145 157 166 174 178 179 176 170 161 149 136 123 110 97 86 77 69 62 58 55 54 54 57 61 68 77 88 101 115 130 145 158 
0 0 0 0 0 0 0 0 0 0 0 0 0 0 0 0 0 0 0 0 0 0 0 0 0 0 0 0 0 0 0 0 0 0 0 0 0 0 165 164 162 159 154 148 140 131 121 110 100 91 84 79 75 73 71 70 70 70 70 71 73 77 83 91 101 113 126 139 152 162 171 177 179 178 174 166 155 143 130 116 104 92 82 74 68 63 59 56 55 56 59 64 71 80 92 106 121 136 150 162 
0 0 0 0 0 0 0 0 0 0 0 0 0 0 0 0 0 0 0 0 0 0 0 0 0 0 0 0 0 0 0 0 0 0 0 0 0 162 160 157 153 148 143 136 128 120 111 102 93 86 80 75 72 71 70 70 70 70 71 73 76 81 88 97 108 121 134 146 158 167 174 178 178 176 169 160 148 136 122 109 97 87 79 72 67 63 60 58 57 58 61 66 74 85 97 112 126 141 154 166 
0 0 0 0 0 0 0 0 0 0 0 0 0 0 0 0 0 0 0 0 0 0 0 0 0 0 0 0 0 0 0 0 0 0 0 0 158 155 151 146 141 135 128 122 115 108 100 93 86 81 76 72 70 69 68 69 70 71 73 76 80 86 95 105 116 129 141 153 163 171 176 177 176 171 163 153 141 128 115 103 92 83 76 71 67 64 62 60 60 61 64 70 78 89 102 117 131 145 158 168 
0 0 0 0 0 0 0 0 0 0 0 0 0 0 0 0 0 0 0 0 0 0 0 0 0 0 0 0 0 0 0 0 0 0 156 154 150 145 140 133 126 119 113 107 101 95 90 85 80 76 72 69 68 67 67 68 70 72 76 80 86 93 103 114 126 138 149 159 168 173 176 175 172 165 156 146 133 120 108 96 87 79 73 70 67 65 63 62 62 64 67 74 83 94 107 122 136 149 160 168 
0 0 0 0 0 0 0 0 0 0 0 0 0 0 0 0 0 0 0 0 0 0 0 0 0 0 0 0 0 0 0 0 0 151 149 144 139 133 126 118 110 103 97 92 88 84 81 77 74 71 69 67 65 65 66 68 71 75 80 85 93 101 112 123 135 147 157 165 171 174 174 171 166 158 149 138 126 113 102 91 83 76 72 69 67 66 65 64 65 67 71 78 87 99 112 126 139 151 160 168 
0 0 0 0 0 0 0 0 0 0 0 0 0 0 0 0 0 0 0 0 0 0 0 0 0 0 0 0 0 0 0 0 145 142 138 133 126 119 111 103 95 88 83 79 76 74 72 71 69 67 66 64 64 64 66 69 73 79 85 92 101 111 122 133 145 155 164 170 173 174 171 166 159 150 140 129 118 107 96 87 80 74 71 69 68 68 67 67 68 71 76 83 93 105 117 130 142 152 160 165 
0 0 0 0 0 0 0 0 0 0 0 0 0 0 0 0 0 0 0 0 0 0 0 0 0 0 0 0 0 0 0 137 134 130 125 119 112 104 96 88 81 75 71 68 66 66 65 65 65 64 63 63 63 65 68 72 77 84 92 100 110 121 132 144 154 163 170 174 175 172 167 160 152 142 132 121 111 101 92 84 77 73 71 70 70 70 70 71 72 76 81 89 99 111 123 134 145 153 159 162 
0 0 0 0 0 0 0 0 0 0 0 0 0 0 0 0 0 0 0 0 0 0 0 0 0 0 0 0 0 130 127 124 120 116 111 105 98 91 83 76 70 65 62 60 59 60 60 61 61 62 62 62 64 66 70 76 83 91 100 110 121 132 144 154 164 171 176 177 175 170 162 153 144 134 124 114 104 95 87 81 76 72 71 71 71 72 73 75 77 82 88 96 106 117 129 139 148 154 158 159 
0 0 0 0 0 0 0 0 0 0 0 0 0 0 0 0 0 0 0 0 0 0 0 0 0 0 0 0 121 117 113 109 105 101 96 91 85 79 73 67 62 58 55 54 55 56 57 59 60 60 61 63 65 69 75 81 89 99 109 120 132 144 155 165 173 178 180 179 174 167 157 146 136 125 115 106 98 90 83 77 74 71 71 71 73 74 77 79 83 88 95 104 114 125 135 144 151 155 156 155 
0 0 0 0 0 0 0 0 0 0 0 0 0 0 0 0 0 0 0 0 0 0 0 0 0 0 0 114 108 103 98 95 91 87 83 79 75 70 65 60 56 53 52 52 53 54 56 58 60 61 63 65 69 74 81 89 98 108 120 132 144 156 166 175 181 184 184 180 173 163 151 140 128 117 108 99 91 85 79 74 71 70 70 71 74 77 80 84 88 94 102 111 122 132 142 149 154 156 155 152 
0 0 0 0 0 0 0 0 0 0 0 0 0 0 0 0 0 0 0 0 0 0 0 0 0 0 109 101 95 89 85 81 78 75 73 69 66 63 59 56 53 51 50 51 53 55 58 60 62 64 67 70 75 81 89 98 108 119 131 143 155 167 176 183 187 188 185 179 170 158 146 133 121 110 101 93 86 80 75 71 69 68 69 71 74 78 83 88 94 101 110 119 130 140 149 155 158 158 154 149 
0 0 0 0 0 0 0 0 0 0 0 0 0 0 0 0 0 0 0 0 0 0 0 0 0 106 98 90 83 77 73 70 68 66 64 62 60 58 56 53 52 51 51 53 55 58 61 64 67 70 74 78 84 91 99 108 119 130 142 154 166 176 184 189 191 190 185 177 166 153 139 126 113 103 94 86 80 74 70 67 65 65 67 69 74 79 85 92 99 107 117 127 138 147 155 160 161 159 153 146 
0 0 0 0 0 0 0 0 0 0 0 0 0 0 0 0 0 0 0 0 0 0 0 0 104 95 87 79 73 68 65 62 61 59 58 57 56 55 53 52 52 52 53 55 59 63 67 71 75 79 83 88 95 102 111 120 131 142 153 164 174 183 189 192 191 188 181 172 160 146 132 119 106 96 87 80 74 69 66 63 62 62 64 68 73 80 87 95 104 114 124 135 146 154 161 164 163 159 152 143 
0 0 0 0 0 0 0 0 0 0 0 0 0 0 0 0 0 0 0 0 0 0 0 100 92 84 76 70 65 61 58 57 56 55 55 54 54 53 53 52 53 54 56 59 64 69 74 80 85 90 95 101 108 115 124 133 142 152 162 172 180 186 190 190 188 183 175 164 152 138 124 111 99 89 80 73 68 64 61 59 58 59 62 67 73 81 90 100 110 121 132 143 153 161 166 167 164 158 150 139 
0 0 0 0 0 0 0 0 0 0 0 0 0 0 0 0 0 0 0 0 0 0 96 88 80 73 67 62 58 55 54 53 53 53 53 53 53 52 53 53 55 57 60 65 70 77 83 90 96 102 108 115 122 130 137 145 154 162 170 177 182 186 187 185 181 174 165 154 142 129 116 103 92 82 74 67 63 59 57 55 55 57 61 66 74 84 94 105 117 129 140 151 160 167 170 169 164 156 147 135 
0 0 0 0 0 0 0 0 0 0 0 0 0 0 0 0 0 0 0 0 99 90 82 75 69 64 60 56 53 52 51 51 51 52 52 53 53 53 54 56 58 61 66 71 78 86 94 102 109 116 123 130 137 144 151 157 164 170 175 179 182 182 180 176 170 162 153 142 131 119 107 95 85 76 68 62 58 55 53 53 53 56 61 68 77 88 100 112 124 137 148 159 167 171 172 169 163 153 142 131 
0 0 0 0 0 0 0 0 0 0 0 0 0 0 0 0 0 0 0 94 85 77 70 64 60 56 54 52 50 49 49 50 51 52 53 54 54 55 57 59 63 67 73 80 88 97 106 115 124 131 139 145 152 157 163 168 172 176 178 179 178 175 170 164 156 148 139 129 119 108 98 88 78 70 63 58 54 52 51 51 53 57 63 72 82 94 107 120 133 146 157 166 172 175 174 168 160 149 137 125 
0 0 0 0 0 0 0 0 0 0 0 0 0 0 0 0 0 0 91 81 72 65 59 55 52 51 50 49 49 49 49 50 51 53 54 56 58 59 62 66 70 76 83 91 100 110 120 130 139 146 154 160 165 169 172 175 177 178 178 175 171 165 158 149 141 132 124 115 107 98 89 80 72 65 59 55 52 51 51 53 56 61 68 78 90 103 116 130 143 154 165 172 177 177 173 166 155 143 130 118 
0 0 0 0 0 0 0 0 0 0 0 0 0 0 0 0 0 91 80 70 62 56 52 49 48 48 48 49 49 49 50 52 53 56 58 61 63 66 70 75 81 88 96 105 115 125 135 145 153 161 167 172 175 178 179 180 179 177 174 169 162 153 144 134 125 116 109 102 95 88 81 74 68 62 57 54 52 52 53 56 60 67 76 87 99 113 127 140 152 163 172 178 180 178 172 162 150 136 123 110 
0 0 0 0 0 0 0 0 0 0 0 0 0 0 0 0 92 81 71 62 55 51 48 47 48 49 50 51 52 53 54 56 58 61 64 68 72 77 82 88 95 103 112 121 131 141 151 159 167 173 178 181 183 183 182 180 177 173 167 160 150 140 129 118 109 101 95 89 84 79 74 69 64 60 56 54 54 55 57 62 68 76 86 98 111 125 138 151 162 171 177 181 181 176 168 157 143 129 115 102 
0 0 0 0 0 0 0 0 0 0 0 0 0 0 0 98 86 75 66 59 54 51 49 50 51 53 55 57 58 59 61 63 66 70 74 80 85 91 98 105 112 121 129 139 148 157 165 172 178 182 185 186 185 183 180 176 171 164 157 148 137 125 114 103 94 87 82 78 74 71 67 64 61 59 57 56 57 59 64 69 77 87 98 111 124 138 150 161 170 177 181 182 180 173 163 150 135 121 107 94 
0 0 0 0 0 0 0 0 0 0 0 0 0 0 108 96 85 75 67 61 57 55 55 57 59 62 64 66 68 70 72 75 78 83 89 95 102 109 117 124 132 140 149 157 165 172 178 182 185 187 187 186 183 178 173 167 160 152 144 134 123 111 100 90 82 76 71 68 66 64 63 61 60 59 58 59 62 66 71 79 88 99 111 125 138 151 162 171 178 182 183 182 176 168 156 142 127 112 98 86 
0 0 0 0 0 0 0 0 0 0 0 0 0 121 110 99 89 80 74 69 67 66 67 69 71 75 78 81 83 85 88 91 96 101 108 115 123 131 138 146 153 160 167 173 179 183 186 188 189 187 185 181 175 169 161 153 145 137 128 118 108 97 87 78 71 66 63 61 60 59 59 59 59 60 61 64 68 73 81 90 100 112 126 139 152 164 173 180 184 185 183 179 171 160 147 133 118 103 90 79 
0 0 0 0 0 0 0 0 0 0 0 0 138 128 118 108 100 93 87 84 82 82 83 85 88 92 95 99 102 105 108 112 117 123 130 137 145 153 161 167 173 179 183 186 189 191 191 190 187 183 178 171 164 155 146 137 129 120 112 103 93 84 75 68 62 59 56 55 55 55 56 57 59 62 65 69 75 82 91 101 113 126 140 153 166 176 183 187 188 186 181 174 164 152 138 123 108 95 83 73 
0 0 0 0 0 0 0 0 0 0 0 155 148 139 131 123 116 110 106 103 102 102 103 106 109 112 116 120 123 127 130 135 140 146 152 160 167 174 181 186 190 193 194 195 194 193 190 186 181 174 167 158 149 139 129 120 111 103 95 88 80 73 66 60 56 53 52 51 51 52 54 57 60 64 69 76 83 92 103 114 127 141 154 167 178 186 191 192 190 185 177 167 156 142 128 113 99 87 76 67 
0 0 0 0 0 0 0 0 0 0 172 168 162 155 148 141 136 131 128 126 125 125 126 128 131 135 138 142 146 150 153 158 163 168 174 180 186 192 197 200 201 201 200 197 194 189 184 178 171 162 153 143 133 122 112 103 94 87 80 74 68 63 58 54 51 49 48 48 49 51 53 57 62 68 75 83 93 103 115 128 141 155 168 179 188 194 196 195 189 181 171 159 146 132 117 104 91 80 70 62 
0 0 0 0 0 0 0 0 0 185 184 182 178 172 167 161 157 153 151 149 148 148 149 150 153 156 160 164 167 171 175 178 182 187 191 196 200 204 206 207 206 203 199 194 188 181 174 166 158 148 138 128 117 107 96 87 80 74 68 63 59 55 52 49 48 46 46 46 48 50 53 58 65 73 82 92 104 116 129 142 155 168 180 190 196 199 198 194 186 175 162 149 135 121 107 95 83 73 65 58 
0 0 0 0 0 0 0 0 192 196 197 196 194 189 185 181 177 174 172 171 170 169 169 170 172 175 179 182 185 188 191 194 197 200 202 205 207 208 208 207 203 198 192 185 177 169 161 152 143 133 123 113 103 92 83 75 68 63 59 55 52 50 48 46 45 45 45 46 48 51 56 62 70 80 91 103 116 129 143 156 169 180 190 197 201 201 197 189 178 165 151 137 123 110 97 86 76 68 61 55 
0 0 0 0 0 0 0 194 201 205 208 208 206 203 200 196 193 191 189 188 187 186 185 186 187 189 192 195 197 200 202 203 204 205 206 206 206 205 203 200 194 188 180 172 163 155 146 137 128 119 109 99 90 81 72 65 59 55 52 49 48 46 45 44 44 44 45 47 50 54 60 68 78 89 101 115 129 143 157 169 180 190 197 201 202 198 191 181 168 154 139 125 111 99 88 79 71 64 58 53 
0 0 0 0 0 0 190 198 205 210 214 215 214 212 209 206 203 201 200 198 197 196 195 195 195 197 198 201 202 204 204 204 204 203 202 200 198 195 192 187 180 173 165 156 148 140 131 123 114 105 96 88 79 71 64 58 53 49 47 45 44 44 44 44 45 46 48 51 55 61 68 77 88 101 114 128 142 156 168 180 189 196 200 201 198 192 182 170 155 140 126 112 99 89 80 72 66 61 56 52 
0 0 0 0 0 182 190 198 205 210 213 214 214 213 211 209 207 205 203 201 200 198 197 196 196 197 198 199 200 200 199 198 196 193 190 187 184 180 175 170 163 156 148 140 132 124 117 109 101 93 85 78 70 63 57 52 48 45 44 43 43 43 44 46 48 51 54 58 64 71 79 90 102 115 128 141 155 167 178 187 193 197 198 196 190 181 170 156 141 126 112 99 88 79 72 66 62 58 55 52 
0 0 0 0 170 177 185 192 198 203 206 207 208 208 206 205 203 201 199 197 195 193 191 190 189 189 190 190 190 189 187 184 181 177 173 169 165 161 156 150 144 138 131 124 117 110 103 96 90 83 76 70 63 57 52 48 45 43 41 41 42 44 46 49 53 58 63 69 76 85 94 106 118 130 143 155 166 176 184 190 194 194 192 187 178 168 155 141 126 112 99 87 78 71 66 61 58 56 54 52 
0 0 0 157 162 169 175 181 186 190 192 194 195 195 195 194 192 191 188 186 184 181 179 178 176 176 175 174 173 171 169 165 161 157 152 148 144 140 135 131 125 120 114 108 103 97 91 86 80 74 68 63 58 53 49 45 43 41 41 41 43 46 50 55 61 68 75 83 92 101 112 123 135 147 157 167 176 182 187 190 190 187 182 174 164 152 139 126 112 99 87 77 70 64 60 58 56 54 53 53 
0 0 144 147 151 156 161 166 169 172 174 175 177 178 178 178 177 175 172 170 167 165 162 160 158 157 156 154 153 150 147 143 138 134 129 125 122 118 115 111 107 103 99 94 90 86 81 76 72 67 63 58 54 50 47 45 43 42 42 43 46 51 57 64 72 81 90 100 110 120 131 142 153 163 171 178 183 186 187 186 182 176 169 159 148 136 124 111 98 86 76 69 63 59 56 55 54 54 54 55 
0 132 132 134 136 140 144 147 149 151 152 154 156 157 158 158 157 155 153 150 148 145 142 139 137 135 134 132 130 127 123 119 114 110 106 103 100 98 96 93 91 88 85 82 79 75 72 68 65 62 58 55 52 50 48 46 45 45 46 48 52 57 65 75 85 96 107 118 128 139 150 160 169 177 182 186 187 186 184 179 172 164 154 143 132 120 108 97 86 76 68 61 57 54 53 53 53 54 56 58 
0 120 118 119 120 122 124 126 128 129 130 132 134 135 137 137 136 135 132 130 127 124 121 118 115 113 111 109 107 104 100 96 92 87 84 81 80 79 78 77 76 74 72 70 68 66 64 62 60 58 56 54 52 51 50 50 50 50 52 55 60 67 76 87 100 112 124 136 147 157 167 176 183 188 190 190 188 184 177 169 160 149 138 127 116 105 94 84 75 67 60 56 53 51 51 52 53 56 59 63 
111 107 104 103 103 104 105 106 107 108 109 111 113 115 116 116 116 114 112 110 107 104 101 98 95 93 90 88 86 83 80 76 72 68 65 63 62 62 63 63 63 62 61 60 59 58 57 56 56 55 54 54 54 54 55 56 57 59 61 65 71 79 90 102 116 129 142 154 164 173 181 188 192 194 194 190 185 177 168 157 146 134 122 111 101 91 82 74 66 60 54 51 49 49 50 52 55 59 63 69 
98 93 90 89 88 88 88 88 89 89 90 92 94 96 97 98 97 96 94 92 89 86 83 80 77 75 72 70 68 66 62 59 55 52 50 48 48 49 50 51 51 51 51 51 51 51 52 52 53 54 55 56 58 60 62 64 67 69 73 78 85 94 105 118 132 146 159 170 179 186 192 195 196 195 192 185 177 167 156 144 131 119 107 96 87 78 71 64 58 53 50 48 47 48 50 54 58 64 70 77 
85 81 78 76 75 74 73 73 73 73 74 76 78 80 81 82 82 80 79 76 74 71 68 65 63 60 58 56 54 52 49 46 43 40 39 38 38 39 41 42 43 43 43 44 45 46 47 49 51 54 56 60 63 67 71 75 79 83 87 93 101 111 122 135 149 162 174 183 190 195 197 197 195 191 185 176 166 154 141 129 116 104 93 83 74 67 61 56 52 49 46 46 46 49 52 57 63 70 78 87 
74 70 67 65 64 63 61 61 60 60 61 62 65 67 68 69 69 68 66 64 62 59 57 54 52 49 48 46 44 42 40 38 35 33 32 32 32 33 35 36 37 38 38 39 40 43 45 49 52 56 61 66 71 77 82 88 93 98 104 110 119 128 140 152 164 176 185 193 197 198 197 194 189 182 173 163 151 139 126 113 101 90 79 70 63 58 53 49 47 45 44 45 47 51 56 62 70 79 88 99 
65 61 59 57 55 54 53 51 50 50 51 52 54 57 58 59 59 58 56 54 52 50 48 46 44 42 41 40 38 37 35 33 32 30 29 29 30 31 33 34 35 35 36 37 40 43 47 51 57 62 68 75 82 89 96 103 109 115 121 128 137 146 157 167 178 187 193 197 199 197 192 186 178 169 158 147 134 122 110 98 87 76 67 60 54 49 46 44 43 43 44 46 50 55 61 69 79 89 100 112 
58 54 52 51 49 48 46 45 44 43 43 45 47 49 51 51 51 50 49 47 45 44 43 41 40 39 38 37 36 35 34 33 32 31 30 31 32 33 34 35 36 37 38 40 43 47 53 59 65 72 79 87 96 104 112 120 127 133 140 147 154 163 172 180 188 193 197 197 195 190 182 173 163 152 141 129 117 106 94 84 74 65 57 51 46 43 41 40 41 42 45 49 54 60 68 78 89 101 113 125 
52 49 48 46 45 43 42 41 40 39 39 40 42 44 45 46 45 45 43 42 41 40 40 39 39 38 38 37 37 36 36 35 35 35 35 36 37 38 39 41 42 43 45 47 51 57 63 71 78 86 95 103 113 122 130 138 145 151 157 164 170 177 184 189 193 195 195 192 186 178 168 157 146 134 123 111 100 90 80 71 63 55 49 44 41 39 38 39 41 44 48 54 60 68 78 88 100 113 126 139 
49 46 44 43 42 41 40 39 38 37 37 38 39 41 42 42 42 41 41 40 40 39 40 40 40 40 40 40 40 40 40 41 41 42 42 43 45 47 48 50 52 53 56 59 64 71 79 87 96 105 113 122 132 141 150 157 163 169 174 179 184 188 192 194 194 192 188 181 173 163 151 140 128 116 105 94 84 75 67 60 53 48 43 39 37 36 37 39 43 48 54 61 69 78 89 100 113 126 139 152 
47 44 42 41 40 40 39 39 39 38 38 39 40 41 42 42 42 41 41 41 41 41 42 43 44 45 45 46 47 47 48 49 50 51 53 54 56 59 61 63 65 68 71 75 82 89 98 107 116 125 134 143 152 161 168 175 180 184 187 190 193 194 195 194 190 184 176 167 156 145 133 121 110 98 88 79 70 63 56 51 46 42 39 37 36 36 38 42 47 54 62 70 80 90 101 114 127 140 152 163 
47 45 43 42 41 41 41 42 42 42 42 43 43 44 45 45 45 45 45 45 45 46 47 49 50 52 53 54 56 57 58 60 62 64 66 68 71 74 77 79 82 85 89 95 102 110 119 129 138 147 155 163 171 179 185 190 193 195 196 197 197 196 193 188 181 172 162 150 138 126 114 103 93 83 73 65 58 52 48 44 41 39 37 36 36 38 41 46 53 61 71 81 92 103 115 128 140 153 164 174 
51 48 46 45 44 45 46 47 47 48 49 49 50 51 51 52 52 52 52 53 53 54 56 57 59 61 63 65 67 69 71 73 76 78 81 85 88 92 95 99 102 105 110 116 123 132 141 150 159 167 174 181 187 193 197 200 202 201 200 198 195 191 185 178 168 157 144 132 119 108 97 87 77 69 61 54 49 45 42 40 39 38 38 38 39 42 46 53 61 71 82 93 105 117 129 142 154 165 175 182 
59 56 53 52 52 52 53 55 56 57 58 59 60 61 62 63 63 64 64 64 65 66 67 69 71 74 76 78 81 83 86 89 92 95 99 103 107 112 116 120 123 127 131 137 144 152 161 169 177 183 189 194 199 202 205 205 204 201 198 193 187 181 173 163 152 139 126 113 101 90 81 72 64 57 51 46 42 40 38 38 38 39 40 42 44 48 54 61 71 82 94 106 119 131 143 155 166 175 183 188 
72 68 66 64 64 64 65 67 68 70 71 73 74 75 76 77 78 79 79 79 80 80 82 84 86 89 91 94 97 99 103 106 110 114 118 123 128 133 138 141 145 148 152 157 163 170 177 184 190 195 199 202 204 206 205 204 200 195 189 182 174 166 156 146 134 121 108 96 85 75 66 59 53 47 43 39 37 37 37 38 40 42 45 48 52 57 64 72 82 94 107 120 132 145 156 167 176 184 188 190 
90 86 83 82 81 81 81 82 84 85 87 89 91 92 94 95 96 97 97 97 97 98 99 101 103 106 109 111 114 117 121 124 128 133 138 143 149 154 159 162 165 168 171 174 179 184 189 194 198 201 203 204 204 203 200 196 191 183 175 167 157 148 137 126 115 103 91 80 70 62 55 49 44 40 37 35 35 35 37 40 44 47 52 57 62 68 76 85 96 108 120 133 146 157 168 177 184 189 191 190 
111 107 104 103 102 101 101 102 103 104 105 107 110 112 114 115 116 117 117 117 117 117 118 120 122 125 128 130 133 136 139 143 147 151 156 162 167 173 177 180 183 184 186 187 190 193 196 198 200 201 201 200 198 194 190 184 176 168 158 148 138 128 118 107 97 86 76 66 58 51 46 41 38 35 33 33 34 36 39 44 49 54 60 67 74 82 90 100 111 122 135 147 158 168 177 184 189 191 190 186 
134 131 128 126 125 124 123 123 123 124 126 127 130 132 134 136 137 138 138 138 137 138 138 140 142 145 147 150 152 155 157 161 164 168 173 178 183 188 192 194 195 195 195 195 195 196 196 196 196 195 193 190 186 181 175 167 159 149 139 129 119 109 99 89 80 71 63 55 48 43 39 36 34 32 32 33 35 39 43 49 55 63 70 79 87 97 106 116 127 138 149 160 170 178 184 189 191 190 186 179 
157 154 151 150 148 146 145 144 144 144 146 147 149 152 154 155 157 158 158 158 157 157 158 159 161 163 165 167 169 171 173 175 178 181 185 189 193 197 200 201 201 200 198 196 195 193 191 189 187 184 180 176 170 164 157 149 139 130 120 109 100 90 82 74 66 59 53 47 42 38 35 33 32 32 33 35 38 43 49 56 64 73 82 92 102 113 123 132 142 152 162 171 179 185 189 190 189 185 179 169 
177 174 172 170 168 166 164 163 162 162 163 165 167 169 171 173 174 175 175 175 175 175 175 176 177 179 180 182 183 184 185 186 187 189 192 195 198 200 202 202 200 198 195 191 188 184 180 177 172 168 163 158 152 145 137 129 120 110 101 92 83 75 67 61 55 50 45 41 37 35 33 33 33 34 36 39 44 50 57 65 74 85 95 107 118 129 139 149 157 166 173 180 185 188 189 188 184 178 169 157 
192 190 187 185 183 180 178 176 175 176 177 178 180 182 184 186 187 188 188 188 188 188 188 188 189 190 191 191 192 192 192 191 191 192 193 194 195 196 196 195 192 189 184 180 175 170 165 160 155 149 144 138 132 125 117 109 101 92 84 76 68 61 55 50 46 43 40 37 35 34 34 34 36 38 42 46 52 59 67 76 87 98 110 123 134 145 155 164 171 177 182 186 188 188 186 182 175 167 156 143 
201 198 196 193 190 188 185 183 183 183 184 186 188 190 192 193 194 195 196 196 196 196 196 195 195 195 195 194 194 193 192 190 189 188 187 187 186 186 184 182 178 174 169 164 158 152 147 141 135 129 123 118 112 105 99 91 84 76 69 62 56 51 46 43 40 38 36 35 34 35 36 38 40 44 49 54 61 70 79 90 101 113 126 139 151 161 170 176 182 185 187 188 187 184 179 172 163 153 141 128 
202 200 197 194 191 188 185 184 183 184 186 188 191 193 194 195 196 196 197 197 197 197 197 196 194 193 192 190 189 187 185 182 180 178 176 174 172 170 167 164 160 155 150 144 138 133 126 120 114 109 103 98 93 87 82 75 69 63 57 52 47 43 40 37 36 35 34 34 35 37 39 42 47 52 58 65 73 82 93 104 117 129 142 155 166 175 182 187 189 189 188 186 181 175 168 159 148 137 125 112 
196 194 191 188 185 182 179 178 178 180 182 185 187 189 190 191 191 191 192 192 192 192 191 189 187 185 182 179 177 174 172 169 166 163 160 156 153 150 147 143 138 134 129 123 118 112 106 100 95 89 85 80 76 72 67 62 57 52 47 43 40 37 35 34 33 33 34 35 37 40 44 49 54 61 68 77 86 96 108 120 133 146 158 170 179 187 191 193 192 190 185 179 172 164 154 143 132 120 108 96 
183 181 179 176 173 171 169 168 169 170 173 176 178 180 181 181 181 181 181 181 181 181 180 177 174 170 166 163 160 157 155 152 148 145 141 137 133 129 125 121 116 112 108 103 98 93 88 82 77 72 68 65 62 59 55 51 47 43 40 37 35 34 32 32 32 33 35 37 41 45 51 57 65 73 81 90 101 112 124 136 149 161 173 182 190 195 196 195 191 186 178 170 160 149 138 126 115 103 92 81 
166 165 163 161 159 156 155 155 156 158 161 163 166 167 168 168 167 167 167 166 166 165 163 161 157 152 147 143 140 137 135 133 129 126 121 117 112 108 103 100 96 92 89 85 81 77 72 67 63 59 55 53 51 48 46 43 40 37 35 33 32 32 32 32 33 35 38 42 47 53 61 69 77 87 96 106 117 128 140 152 164 175 184 192 197 198 197 193 186 177 167 157 145 134 121 109 98 87 77 68 
146 146 145 144 142 140 139 140 141 143 146 148 151 152 152 152 151 150 150 149 148 146 144 141 137 132 127 122 119 117 115 113 111 107 103 98 93 89 85 81 78 76 73 70 67 64 60 56 52 48 46 44 42 41 39 37 35 33 32 32 32 32 33 35 37 40 44 49 56 64 73 83 93 103 113 123 134 144 155 166 176 186 193 197 199 198 193 186 176 165 154 142 130 117 105 93 82 72 64 56 
127 127 127 126 125 124 124 124 125 128 130 132 134 135 135 134 133 132 131 130 129 127 124 121 116 111 107 103 100 98 97 96 94 91 87 82 77 73 69 67 65 63 61 59 57 54 51 47 44 41 39 38 37 36 35 34 33 32 32 33 34 35 37 40 43 48 53 60 68 78 88 99 110 121 132 142 151 160 169 178 186 193 197 198 196 192 184 174 163 151 138 126 114 102 90 79 69 60 53 47 