2
100
100
41 48 56 64 74 84 96 108 121 135 149 162 173 182 189 192 192 188 180 171 159 146 133 119 105 91 78 66 55 45 36 31 29 32 37 46 58 71 86 100 114 125 134 140 141 138 132 122 111 97 83 70 58 48 40 35 33 33 34 37 41 46 51 57 64 72 82 92 103 114 124 134 142 149 156 162 166 169 170 170 169 166 162 156 150 143 135 126 117 108 99 91 84 77 71 65 59 53 47 41 
51 59 68 79 90 101 113 126 138 151 163 174 183 189 193 193 189 183 173 161 148 133 119 104 90 77 65 54 45 37 31 29 30 35 43 54 67 81 95 109 121 131 137 140 138 133 124 112 99 85 71 58 48 40 35 32 33 35 40 45 50 56 63 70 79 88 98 109 120 131 140 148 155 160 165 168 170 171 170 168 164 159 153 146 138 130 121 112 102 93 85 77 70 65 59 55 50 45 40 36 
63 73 84 95 107 119 131 142 154 164 174 182 188 191 191 188 182 173 162 148 134 119 104 90 76 64 53 44 37 31 29 29 33 40 50 63 76 90 104 116 127 134 138 138 133 125 114 101 87 73 60 48 40 34 32 32 36 41 47 54 62 69 77 85 94 104 114 125 135 145 153 159 163 167 169 170 169 168 165 161 156 149 142 133 124 115 105 96 87 79 71 64 58 53 49 46 42 39 36 33 
77 89 100 112 124 136 147 157 166 174 181 185 188 188 185 179 171 160 147 133 119 104 89 76 63 52 43 35 31 28 28 32 38 47 59 72 86 100 112 123 131 135 136 133 126 115 103 89 75 62 50 41 34 31 32 35 41 49 57 66 74 83 91 100 109 119 129 139 148 156 161 165 167 168 168 166 164 161 156 151 145 137 129 119 110 100 90 81 73 65 58 53 48 44 41 39 37 35 34 32 
94 106 118 130 141 151 161 169 175 180 183 184 183 180 174 166 156 144 131 117 102 89 75 62 51 42 34 29 27 27 30 36 45 56 69 82 96 109 120 128 133 135 132 126 116 105 91 77 64 52 42 35 31 31 35 41 49 59 69 78 88 96 105 114 123 132 141 150 157 162 166 167 167 165 162 159 154 150 144 138 131 123 114 105 95 85 76 68 60 53 48 43 39 37 35 34 33 33 33 34 
113 124 136 146 156 164 171 176 180 181 181 178 174 168 159 149 138 126 112 99 86 74 62 51 41 34 28 26 26 29 34 42 53 65 79 92 105 116 125 131 133 132 126 118 106 93 79 66 54 44 36 32 32 35 41 49 59 70 81 91 101 110 119 127 135 143 151 157 162 165 165 164 161 157 153 147 142 136 129 123 116 108 100 90 81 72 63 56 49 44 39 36 33 32 31 32 33 34 35 37 
131 142 152 161 168 174 177 179 180 178 174 169 161 152 142 131 119 107 94 82 71 60 50 41 34 28 25 25 27 33 41 51 63 76 89 102 113 123 129 132 131 127 119 108 95 82 69 56 46 38 34 32 35 41 49 60 72 83 94 105 114 123 131 138 145 152 157 161 163 163 161 157 152 146 140 134 127 120 113 106 100 92 85 76 68 60 52 46 41 37 33 31 30 30 30 32 34 37 40 43 
149 158 166 172 176 179 180 179 176 171 164 156 147 136 124 112 100 88 77 66 57 48 40 34 29 26 25 27 32 40 49 61 73 86 99 111 120 127 131 131 127 120 110 98 85 71 59 49 41 36 34 36 41 50 60 73 85 97 108 118 127 134 141 147 152 156 159 160 160 157 153 147 141 133 126 118 111 104 97 90 83 77 70 63 56 49 43 38 34 32 30 29 29 30 32 35 38 42 46 51 
164 171 176 180 181 180 178 174 168 161 152 142 131 119 106 94 82 71 61 52 45 38 33 29 27 27 29 33 40 49 60 72 85 97 109 118 125 129 130 127 121 112 101 88 75 62 52 43 38 36 37 42 50 60 73 86 99 111 121 130 137 144 149 153 156 157 158 156 154 149 143 135 127 119 111 103 95 87 80 74 68 63 57 52 46 41 37 33 31 30 29 30 31 34 37 41 45 50 55 60 
176 180 182 183 181 177 172 166 158 148 138 127 114 102 90 78 67 57 48 41 36 31 29 28 29 31 36 42 51 61 73 85 96 108 117 124 128 129 127 121 113 102 90 78 66 55 47 41 38 39 43 50 60 73 86 100 113 124 133 141 146 151 153 155 156 155 153 149 144 138 130 122 113 104 96 88 80 72 66 60 55 50 46 42 38 35 32 30 29 30 31 33 36 40 44 49 55 61 67 72 
183 184 184 181 176 170 163 154 145 134 123 111 99 86 75 64 54 45 38 33 29 28 28 29 33 38 45 54 64 75 86 97 108 117 124 129 130 127 122 114 103 92 80 68 58 50 44 41 41 44 51 60 72 85 99 113 125 135 143 149 153 155 155 154 152 149 145 140 133 125 116 107 98 90 81 73 66 59 53 47 43 40 37 35 33 31 30 30 31 33 36 39 43 48 54 60 67 74 80 86 
186 184 180 175 168 159 150 141 130 119 107 95 83 72 61 52 43 36 31 28 26 27 29 34 40 47 56 67 78 89 100 110 119 126 130 131 129 123 115 105 93 81 70 60 52 47 44 43 46 52 60 71 84 98 112 125 135 144 150 154 156 156 154 151 146 141 135 128 120 111 102 93 84 75 68 60 54 47 42 37 34 32 30 29 29 29 30 32 34 38 43 48 53 60 67 74 81 88 94 100 
184 179 172 164 155 146 135 125 114 103 91 80 69 59 49 41 35 30 27 25 26 29 34 40 49 58 69 81 92 103 114 122 128 132 133 131 125 117 107 95 82 71 61 53 48 45 45 48 53 61 72 84 97 111 123 134 144 150 155 157 156 154 150 144 138 131 123 114 105 96 87 78 69 62 55 49 43 38 33 30 27 26 26 26 28 30 32 36 40 46 52 58 66 73 81 88 96 103 109 115 
178 171 161 151 141 130 119 108 97 86 75 65 55 46 39 33 28 25 24 25 28 33 40 49 60 71 83 95 107 117 126 132 136 137 134 129 120 109 97 84 72 61 53 47 45 46 49 55 63 73 84 97 110 122 133 142 149 154 156 156 153 149 143 136 128 119 110 100 91 81 72 64 56 49 43 38 34 30 27 25 24 24 24 26 29 33 37 42 49 56 63 71 79 88 96 104 111 118 123 128 
169 159 148 137 125 113 102 91 80 70 60 51 43 36 30 26 24 23 24 28 33 40 49 60 72 84 97 109 120 129 136 140 141 138 133 124 113 101 87 74 62 53 47 44 45 48 55 63 74 85 98 111 122 133 141 148 152 154 154 152 148 142 134 126 116 106 96 86 76 67 59 51 44 39 34 31 28 26 24 23 23 24 26 29 34 39 45 51 59 67 76 85 94 103 111 119 125 131 136 141 
158 146 133 121 109 97 86 75 65 55 47 39 32 27 23 21 21 23 27 33 40 50 61 73 86 99 111 123 133 140 145 146 143 137 128 117 104 91 77 65 54 47 43 43 47 54 63 74 86 99 112 124 134 142 148 151 152 152 149 145 140 132 124 114 104 94 83 73 63 55 47 40 35 31 28 26 24 24 24 24 26 28 31 35 41 47 55 63 72 81 91 100 109 118 126 133 138 143 147 150 
144 131 118 105 93 81 70 60 51 43 35 29 24 20 19 19 21 26 32 40 50 61 74 87 101 114 126 136 144 149 151 148 143 133 122 109 94 80 67 56 48 44 43 46 52 61 73 86 99 112 125 135 144 149 152 152 150 147 142 136 129 121 112 102 92 81 71 61 52 44 38 33 29 26 24 23 23 24 26 28 31 35 39 45 51 59 67 76 86 96 106 115 124 132 139 144 149 152 155 156 
128 114 101 89 77 66 56 48 39 32 26 21 18 16 17 19 24 31 39 50 62 75 89 103 117 129 140 149 154 156 155 149 140 128 114 99 84 70 59 50 44 43 45 50 59 71 84 98 112 125 137 145 151 153 152 149 145 139 132 125 117 108 99 90 80 70 60 51 43 37 31 28 25 24 23 24 25 28 31 35 39 44 50 57 64 72 81 91 101 111 121 130 138 145 150 154 156 158 159 159 
111 98 85 73 63 53 45 37 30 24 20 16 15 15 18 22 29 38 49 62 76 90 105 119 132 144 153 159 162 161 156 147 134 120 104 88 73 61 51 45 42 44 49 57 69 82 97 111 125 137 146 152 155 154 150 144 137 129 120 112 103 95 86 78 69 60 52 44 37 31 28 25 24 24 25 27 30 34 39 44 50 57 64 71 79 88 97 106 116 126 135 143 150 155 158 160 161 161 160 158 
94 81 69 59 49 41 35 29 23 19 16 15 15 17 22 28 38 49 62 76 91 107 121 135 147 157 164 167 167 163 154 142 127 111 94 78 64 52 45 41 42 47 55 66 79 93 109 123 136 146 153 156 155 151 144 136 126 116 107 97 89 80 73 66 59 52 45 38 33 29 26 25 26 27 30 33 37 43 49 56 63 71 79 87 95 104 113 122 131 139 147 154 159 162 164 164 162 160 157 154 
77 65 54 45 38 32 27 23 19 17 16 16 18 22 29 37 48 61 76 92 107 123 137 150 161 168 172 173 170 162 150 136 119 102 84 68 55 46 40 40 44 51 62 75 89 104 119 133 144 152 156 156 152 145 135 125 114 103 92 83 74 66 60 54 49 44 39 35 31 28 27 27 28 31 36 41 47 54 61 70 78 87 95 104 112 120 128 136 144 151 158 162 165 167 166 164 161 157 152 147 
61 50 41 34 28 24 21 19 18 17 18 20 24 30 38 49 62 76 92 108 124 139 152 163 172 177 178 176 169 158 144 128 110 92 75 60 48 41 38 40 46 57 69 84 99 114 128 140 149 155 156 152 145 136 124 112 100 89 78 69 60 54 48 44 41 39 36 33 31 29 29 30 33 38 43 50 58 67 76 85 94 104 112 120 128 135 142 149 155 161 165 168 169 168 166 162 157 151 144 137 
47 37 30 24 21 19 18 18 19 20 23 27 33 41 51 64 78 93 109 125 141 154 166 175 180 183 181 175 165 152 136 118 100 83 66 53 43 37 37 42 51 63 77 92 107 122 135 145 151 154 152 146 136 125 112 99 87 75 65 56 48 43 39 36 35 34 34 33 32 32 33 35 39 45 53 62 71 81 91 101 111 121 129 136 143 148 154 159 164 167 169 170 169 166 162 156 150 142 134 126 
35 27 21 17 16 16 17 19 22 26 31 37 45 55 67 80 95 111 127 143 157 168 178 184 186 185 180 171 158 143 126 108 90 73 58 47 39 36 38 45 56 70 85 101 115 128 139 147 151 151 146 137 126 112 99 86 74 63 53 45 39 34 31 31 31 32 33 34 35 36 38 42 48 55 65 75 86 96 107 118 128 137 144 150 155 160 163 166 169 170 170 169 166 161 155 148 140 131 122 114 
24 18 15 13 13 15 18 23 28 34 42 50 60 72 85 99 115 131 146 160 171 181 187 190 189 184 176 164 149 132 114 96 79 64 51 42 36 36 41 50 63 78 94 108 122 133 141 147 148 145 138 127 114 100 86 73 62 52 44 37 31 28 27 27 29 32 35 38 40 43 46 51 58 67 78 89 101 112 123 133 143 151 157 162 166 168 170 170 171 170 167 164 159 152 145 137 128 118 109 101 
16 12 10 11 13 17 22 28 36 44 54 65 77 90 104 119 135 150 164 176 185 191 194 193 188 180 169 154 137 119 101 84 68 54 44 37 35 38 45 57 71 86 102 115 127 136 142 144 143 137 128 116 102 88 74 62 52 43 37 31 27 25 25 27 30 35 39 43 47 52 56 63 71 81 92 104 115 127 137 147 155 162 167 171 172 173 172 171 169 165 161 155 148 141 132 123 114 104 95 87 
10 8 8 11 15 21 28 36 46 56 68 81 95 109 124 139 154 168 180 189 195 198 197 193 185 173 159 142 124 106 88 72 57 46 38 34 34 40 50 63 79 94 109 121 131 137 140 140 135 128 117 104 90 76 64 53 44 38 32 28 26 25 27 30 35 40 46 52 57 63 69 76 85 95 106 118 129 140 149 158 165 171 174 175 175 173 171 167 163 157 151 143 135 126 118 108 99 90 82 75 
5 5 8 13 19 27 36 46 57 70 84 99 113 129 144 158 172 183 193 200 203 202 197 189 178 163 146 128 110 92 75 60 47 38 32 31 35 43 55 70 86 101 115 126 133 136 136 133 126 117 105 92 79 66 55 46 39 34 31 29 28 29 31 36 42 49 56 63 69 76 83 91 100 110 121 131 141 150 158 166 171 175 177 176 174 170 165 160 153 146 138 129 120 111 102 94 85 77 70 64 
3 5 10 16 25 35 46 58 71 85 101 116 132 147 161 174 186 195 202 205 205 201 193 182 167 150 132 113 95 78 62 49 38 31 28 30 36 46 60 76 92 107 119 128 132 133 130 124 115 105 92 80 68 57 48 42 37 34 32 31 32 35 39 45 52 60 68 76 83 91 99 107 115 124 133 142 150 158 164 170 174 176 175 173 169 163 156 149 141 132 123 114 105 96 88 80 73 66 60 55 
2 6 13 22 33 45 58 71 86 101 118 133 149 163 175 186 195 201 205 205 202 195 184 170 154 136 117 98 80 64 50 39 31 26 26 30 38 51 66 82 98 112 122 128 130 128 122 114 103 92 80 68 58 50 44 40 37 36 36 37 39 43 48 55 64 72 81 90 99 107 114 122 130 137 144 151 157 162 167 171 173 173 171 166 160 153 145 136 127 117 108 99 90 82 74 68 62 57 53 49 
4 11 20 31 44 57 72 87 102 118 134 150 164 176 186 194 199 202 202 199 193 184 171 155 138 119 100 82 66 52 40 31 25 23 26 32 42 56 72 88 103 115 123 127 127 122 114 103 91 79 68 58 50 44 41 40 39 40 42 44 48 53 60 68 77 87 96 105 114 122 129 136 142 148 153 157 161 164 167 168 168 167 163 157 149 141 131 121 112 102 93 84 76 69 63 58 54 50 47 45 
9 18 29 42 57 72 88 104 120 135 150 164 176 186 193 197 199 198 194 188 180 168 154 138 120 102 83 67 52 40 31 25 22 23 27 36 48 62 78 93 107 117 124 125 122 115 105 93 80 68 58 49 44 41 41 42 44 46 49 53 58 65 73 82 92 101 111 120 128 135 142 148 152 156 158 160 162 163 163 163 162 158 153 146 137 127 117 107 97 87 79 71 64 58 54 50 48 46 44 43 
17 28 41 56 72 89 105 121 137 152 165 176 186 192 195 196 194 189 182 174 163 150 135 119 102 84 67 52 40 30 24 20 20 24 30 41 54 69 84 99 111 119 123 122 117 108 96 83 70 59 50 43 40 40 42 46 50 54 59 64 70 78 87 96 106 116 125 134 141 147 153 157 159 161 161 161 160 159 157 155 152 147 141 133 123 113 103 92 83 74 66 60 54 50 47 45 44 44 43 43 
29 40 55 71 89 106 123 139 154 166 177 185 191 194 194 191 185 177 167 156 144 130 116 100 84 67 52 39 29 22 18 18 21 26 35 47 61 76 91 104 114 120 122 119 112 101 89 75 63 52 45 40 40 42 46 52 58 64 70 76 83 92 101 111 120 130 138 146 152 156 160 162 163 163 161 158 155 152 149 145 140 135 127 119 109 99 89 79 70 63 56 51 47 44 43 43 43 43 44 46 
42 56 71 89 106 124 141 155 168 178 186 191 193 192 189 182 174 163 151 138 125 111 97 82 67 53 39 29 21 16 16 18 23 31 41 54 68 83 97 109 117 121 120 115 106 95 82 70 58 49 43 41 42 47 53 61 68 76 83 90 97 106 115 124 133 142 149 155 159 162 164 165 164 161 157 153 148 143 138 133 127 120 113 104 95 85 76 67 60 53 48 44 42 41 41 42 43 45 47 50 
59 73 89 106 124 141 156 169 179 186 191 192 191 187 180 171 160 147 134 120 107 93 80 66 53 41 29 21 16 14 15 20 27 37 49 62 76 90 103 113 119 120 118 111 101 90 78 66 56 49 45 45 48 55 63 72 81 89 97 104 111 119 128 136 144 151 157 161 163 165 165 163 161 156 151 145 138 132 125 119 113 106 98 90 81 72 64 57 51 46 42 40 39 40 41 43 46 49 52 56 
77 91 107 124 140 156 169 179 186 190 191 189 185 178 169 157 145 131 117 103 90 77 65 53 42 32 23 17 14 14 18 24 33 44 57 71 84 97 108 116 120 119 115 107 97 86 75 64 57 52 50 53 58 66 76 86 95 104 111 118 125 132 139 146 152 157 161 163 163 163 161 158 154 149 142 134 127 119 112 105 98 91 83 76 68 61 54 48 44 41 39 38 39 40 43 46 50 55 59 64 
96 110 125 141 155 168 178 185 189 190 187 182 175 166 155 142 129 114 100 87 74 63 53 43 34 26 20 16 15 17 23 31 41 53 66 80 93 104 113 119 120 118 112 103 93 83 74 66 60 58 59 63 71 80 90 101 110 119 126 132 137 143 148 153 157 160 161 161 160 157 154 150 144 138 130 122 113 105 97 90 83 77 70 63 57 51 46 42 39 38 38 38 40 43 47 51 56 62 67 73 
115 129 143 156 167 176 183 187 187 185 180 172 163 152 140 127 113 99 85 72 61 51 42 35 28 23 19 18 19 24 31 40 51 64 77 90 102 111 118 121 120 116 109 100 91 82 75 69 66 67 70 77 86 96 106 117 126 133 139 144 147 151 154 156 158 159 158 156 153 149 144 139 132 125 117 108 99 91 83 76 70 64 58 53 48 44 40 38 37 37 39 41 44 48 53 58 64 71 77 84 
134 147 158 168 176 182 185 185 182 177 169 159 148 136 124 110 97 83 71 59 49 41 34 29 25 22 21 23 26 32 40 51 63 75 88 100 111 118 123 123 121 115 107 98 90 83 78 75 75 78 84 92 102 112 123 132 140 146 151 153 155 155 156 156 156 154 151 147 142 137 132 125 118 111 102 93 85 77 70 64 58 53 49 45 42 39 38 37 38 40 42 46 50 56 61 68 75 82 89 95 
152 163 172 178 183 184 184 180 174 166 156 145 132 120 107 94 81 69 57 47 39 32 27 25 23 24 26 29 35 43 52 64 76 88 101 112 120 126 128 126 121 114 106 97 90 85 82 82 85 90 98 107 118 128 138 146 153 157 159 159 158 156 154 152 149 145 140 135 130 124 118 111 104 96 88 79 71 64 58 53 48 45 42 40 38 38 38 39 42 45 49 54 59 65 72 79 86 94 101 108 
167 176 182 185 186 184 179 172 163 153 141 129 116 103 90 78 67 55 45 37 30 25 23 22 24 27 32 38 46 55 66 78 90 102 114 123 129 133 132 128 121 113 105 97 91 88 88 90 95 102 112 122 133 143 151 157 162 164 163 161 157 153 148 144 139 133 127 121 115 109 103 96 89 82 74 66 59 53 48 44 41 39 38 38 38 39 41 44 48 52 58 64 70 77 85 92 100 107 114 120 
179 185 188 188 185 180 172 162 151 138 125 112 99 86 74 63 53 43 35 28 23 21 20 22 27 33 40 49 59 69 81 93 105 116 126 134 138 139 136 130 121 112 104 97 93 91 93 98 105 114 124 135 146 154 161 165 167 166 163 158 152 145 139 132 125 119 112 106 99 94 88 82 75 68 61 55 49 44 40 38 36 36 37 39 41 44 47 51 56 62 69 76 83 91 99 106 114 121 127 132 
187 190 190 187 181 173 162 150 137 123 109 95 82 70 59 49 40 32 26 21 19 18 20 25 32 40 50 61 72 84 96 108 120 130 138 143 145 143 138 130 120 111 102 96 93 94 98 104 113 124 135 146 155 163 167 170 169 165 160 152 144 135 126 118 110 103 96 90 84 79 74 69 63 57 51 46 41 37 35 34 35 36 39 42 46 50 55 60 67 74 81 89 97 105 113 121 128 134 139 143 
191 191 187 182 173 163 150 137 122 107 93 79 67 55 45 36 29 23 19 17 16 18 23 30 39 49 61 73 86 99 111 123 133 142 148 151 150 146 138 129 118 107 99 94 92 95 100 109 119 131 142 153 161 167 170 170 167 161 153 143 132 122 112 103 95 87 81 75 70 65 61 57 53 48 43 39 36 34 33 33 35 39 43 48 53 58 64 71 78 86 94 103 111 119 127 134 140 146 149 152 
191 187 181 173 162 150 136 122 106 92 77 64 52 42 33 26 20 17 14 14 16 21 28 37 48 60 73 87 100 113 126 136 145 152 155 156 152 146 136 125 113 103 95 90 90 94 101 111 122 134 146 156 163 168 169 167 161 153 143 131 119 108 97 88 80 73 67 62 58 54 51 48 44 41 38 35 33 33 33 35 39 43 49 55 62 68 75 82 89 98 107 115 124 132 139 145 151 154 157 158 
187 181 172 161 148 135 120 105 90 76 63 50 40 31 24 18 14 12 12 14 19 25 35 46 59 72 87 101 115 128 139 149 156 160 161 158 152 143 132 120 107 97 89 86 86 91 100 110 122 134 146 155 162 165 164 160 153 143 131 119 106 94 83 74 66 60 55 51 48 45 43 41 39 37 35 34 34 35 37 40 44 50 57 64 71 78 85 93 101 109 118 127 135 142 149 154 158 160 161 160 
180 171 159 146 132 118 104 89 75 61 49 38 29 22 16 12 10 10 12 16 23 32 44 57 71 86 101 116 130 142 152 159 164 165 163 157 149 138 125 112 100 90 83 80 82 87 96 107 119 131 142 151 156 159 157 151 143 132 119 105 92 80 70 61 55 50 46 44 41 39 38 36 35 35 35 35 37 39 43 47 53 60 67 75 82 89 96 104 111 120 128 137 144 150 155 159 162 162 161 159 
170 158 144 130 115 101 87 73 60 48 37 28 21 15 11 9 9 11 15 21 30 41 54 69 85 101 116 131 144 155 163 168 170 168 163 154 143 130 117 103 91 82 76 74 77 82 91 102 113 125 135 143 148 149 147 140 131 119 106 92 79 68 58 51 46 42 40 38 37 36 35 35 35 35 37 39 43 47 51 57 63 71 79 87 94 101 108 114 122 129 137 144 151 156 159 161 162 161 159 155 
157 143 127 112 97 83 70 58 46 36 27 20 15 11 9 9 10 14 20 28 39 52 67 84 100 116 132 146 157 167 173 175 173 168 160 148 135 121 107 94 82 74 69 68 71 77 85 95 106 117 126 134 138 138 135 128 118 106 93 80 68 57 49 43 39 37 36 35 35 35 35 36 37 39 42 46 51 56 62 69 76 84 92 100 107 113 119 125 131 138 144 150 155 158 160 161 160 157 153 148 
142 126 110 94 80 67 55 44 35 27 20 14 11 9 9 11 14 20 28 38 51 66 83 99 116 132 147 159 170 177 180 179 174 166 154 141 126 111 96 84 74 66 63 62 65 71 79 88 98 108 116 123 126 126 122 114 104 93 81 69 58 49 42 37 35 34 34 34 35 36 37 39 41 45 49 55 61 68 75 83 91 99 107 114 121 126 131 136 140 145 149 154 157 159 159 157 155 150 145 139 
125 108 91 76 63 51 41 33 26 20 15 11 10 10 12 15 21 29 39 52 66 83 100 117 133 148 161 172 180 184 184 180 172 161 147 131 115 100 86 74 65 59 56 57 60 65 72 81 90 98 106 111 113 112 108 101 91 81 70 60 50 43 37 34 32 33 34 36 37 39 42 45 48 53 59 66 73 81 89 98 106 114 121 128 134 138 142 145 148 150 153 155 156 156 155 151 147 141 135 128 
107 90 73 59 47 37 30 24 19 15 12 11 11 13 17 23 31 41 53 67 83 100 118 134 149 162 173 182 187 188 185 178 167 154 138 121 104 89 75 65 57 52 50 51 55 60 67 74 82 89 96 100 101 99 95 88 80 71 61 53 45 40 35 33 33 34 36 39 42 45 49 53 58 64 71 79 87 96 105 113 121 129 136 141 146 149 151 152 153 154 154 154 153 151 148 143 137 130 123 117 
88 71 56 43 33 26 21 17 15 13 13 14 16 20 25 33 43 55 69 84 102 119 136 151 164 175 183 189 191 189 183 173 160 144 127 110 93 78 66 56 50 46 45 47 50 56 62 69 75 82 86 89 90 88 84 78 71 63 55 49 43 39 36 35 36 38 41 45 49 54 58 64 70 77 84 93 102 111 120 128 136 143 148 152 155 157 157 157 156 154 153 150 147 144 139 133 126 118 111 104 
70 54 40 29 21 16 14 13 13 14 16 19 23 29 36 45 57 70 86 102 120 137 153 166 177 185 190 192 191 185 177 164 149 133 115 98 82 68 57 49 44 41 41 43 47 52 58 64 70 75 79 81 81 79 75 70 64 58 52 47 43 41 39 39 41 44 49 54 59 64 70 76 83 91 99 108 117 126 134 142 149 154 158 160 161 161 160 158 155 151 148 144 139 134 128 121 113 105 98 92 
53 39 27 18 12 9 9 11 13 17 21 26 33 40 49 60 72 87 103 120 137 153 168 179 187 192 194 192 187 179 167 153 137 120 103 87 72 60 50 43 39 37 38 40 44 49 55 60 65 70 73 74 74 72 70 66 62 57 53 49 47 45 45 46 49 53 58 64 70 77 83 90 98 106 114 122 131 139 147 154 159 162 164 164 163 161 158 154 150 145 140 134 129 122 115 108 100 92 86 80 
37 25 16 9 5 5 7 11 16 22 28 36 44 53 63 75 89 104 120 137 153 168 180 189 194 196 194 188 180 168 154 139 122 106 90 75 62 52 43 38 35 34 35 38 42 47 52 57 62 66 68 69 69 69 67 65 62 59 56 54 52 52 53 55 59 64 69 76 82 89 97 104 112 120 128 136 144 151 157 162 165 167 166 164 161 157 152 146 141 135 129 123 117 110 103 95 87 80 74 69 
24 15 7 3 2 3 7 13 20 28 37 46 56 67 79 92 106 121 137 152 167 180 189 195 197 195 190 181 169 155 140 123 107 91 77 64 53 45 38 34 32 32 34 37 41 46 51 55 60 63 65 67 68 68 68 67 66 65 63 62 61 61 63 66 70 75 81 88 95 102 109 117 124 132 140 147 153 159 164 167 168 167 165 160 155 149 142 135 129 123 116 110 104 97 90 83 75 69 63 59 
14 7 2 0 1 4 10 17 26 36 47 58 70 82 95 109 123 137 152 166 179 189 196 199 197 191 183 171 157 141 124 107 91 77 65 54 45 39 34 31 30 31 34 37 41 46 50 55 59 62 65 67 69 70 71 72 73 73 72 72 71 72 74 77 82 87 93 100 106 113 120 127 134 142 148 154 159 163 166 167 167 164 159 153 146 138 130 122 115 109 103 97 91 85 78 72 65 59 54 50 
7 2 0 1 3 8 15 24 34 45 58 71 85 98 112 126 139 153 166 178 188 196 199 198 193 184 172 158 142 125 108 91 77 64 53 45 38 34 31 29 30 32 35 38 43 47 52 56 61 64 67 70 72 75 77 80 82 83 83 83 84 85 87 90 94 99 104 110 116 122 129 135 141 148 153 158 161 163 164 163 161 156 150 143 134 125 116 108 101 94 89 84 79 74 68 62 56 51 46 44 
3 1 1 4 8 15 23 32 44 57 71 85 100 115 129 142 155 167 178 187 194 198 198 194 185 174 160 144 127 110 93 77 64 53 44 37 33 30 28 29 30 33 37 41 46 50 55 60 65 68 72 75 78 82 86 89 92 94 96 96 97 98 99 102 106 110 115 120 125 130 135 140 145 150 154 157 159 159 158 156 152 146 139 130 121 111 102 94 87 81 76 72 68 64 60 55 49 45 41 39 
2 3 5 10 16 23 33 43 56 70 85 100 116 131 145 158 169 179 187 193 197 197 193 186 175 161 146 129 112 95 79 65 53 43 36 32 29 27 27 29 32 35 40 45 50 55 61 66 71 75 79 83 87 91 96 100 104 107 109 109 110 111 112 114 117 120 124 128 132 135 139 142 146 149 151 152 152 151 148 144 139 133 125 116 107 98 89 81 74 69 65 62 59 56 53 49 45 41 38 37 
5 7 12 18 25 34 45 57 70 85 100 117 132 147 160 172 181 188 193 195 195 191 184 174 162 147 130 114 97 82 67 55 44 36 31 28 26 26 28 30 34 39 44 49 55 61 67 73 78 83 88 92 97 102 107 112 116 119 121 122 122 123 123 125 127 129 132 134 136 138 140 142 144 145 145 145 143 140 136 131 125 118 110 102 93 84 76 69 64 59 56 54 52 51 48 45 42 39 37 37 
9 14 20 28 37 47 59 72 86 101 117 133 148 162 174 183 190 194 195 193 189 182 172 160 146 131 115 99 84 70 57 46 38 31 27 26 25 27 30 33 38 43 49 55 62 69 75 82 87 92 97 102 107 112 118 123 128 131 133 133 133 133 132 133 134 135 137 138 139 139 139 139 139 138 137 135 132 128 122 116 110 103 95 87 80 72 65 60 55 52 50 48 48 47 45 44 41 40 39 39 
15 22 30 39 50 61 74 88 103 119 134 149 163 175 185 192 196 196 193 188 180 170 158 144 130 115 99 85 71 59 49 40 33 28 26 25 26 29 33 38 43 49 55 62 70 77 85 91 97 103 108 112 118 123 128 133 138 140 142 142 141 140 139 138 138 139 139 139 138 137 135 134 132 130 127 124 120 114 108 102 95 88 81 74 68 62 57 52 49 47 45 45 45 45 45 44 43 43 43 44 
23 32 41 52 64 77 90 105 120 136 150 164 176 186 193 197 197 194 188 180 169 156 142 128 113 99 85 72 60 50 42 35 30 26 25 26 29 33 38 44 50 56 63 71 79 87 95 102 108 114 119 123 128 133 138 142 146 148 149 148 146 144 142 140 139 138 138 136 134 132 129 126 123 120 117 112 107 101 94 88 81 74 68 63 58 53 50 47 45 44 44 44 45 46 47 47 47 48 49 52 
32 43 54 66 79 93 107 122 137 151 165 176 185 192 196 197 195 189 180 169 155 141 126 111 97 84 71 60 51 43 36 31 27 26 26 28 33 38 44 51 58 65 73 81 90 98 107 114 120 125 130 134 138 142 146 149 151 152 152 151 148 145 142 139 137 135 133 131 128 124 120 116 113 109 105 100 95 88 82 75 69 63 58 54 50 47 45 44 43 44 44 46 48 49 51 52 54 55 58 61 
43 55 68 81 95 109 124 138 152 165 176 185 191 195 196 194 189 180 169 156 141 126 111 96 83 71 60 50 43 36 32 28 26 26 28 31 37 44 52 59 67 75 83 92 102 111 119 127 133 137 141 145 148 151 153 154 155 155 153 150 146 142 138 134 131 129 126 123 119 114 110 105 101 97 93 88 83 77 70 64 59 54 50 47 45 43 43 43 44 45 48 50 53 55 57 60 62 64 68 72 
56 69 83 97 112 126 140 153 165 176 184 190 193 193 191 186 179 168 156 141 126 111 96 82 70 59 50 42 36 32 28 26 26 27 30 35 43 51 60 69 78 87 96 105 115 124 132 139 145 149 152 154 156 157 158 158 156 154 151 147 142 137 132 127 123 120 117 113 108 103 98 94 89 86 82 77 72 67 61 55 51 47 44 42 42 42 43 44 47 50 53 56 60 63 66 69 71 75 78 83 
71 85 99 114 129 142 155 166 176 183 188 190 190 187 182 175 165 154 140 126 110 96 82 70 59 50 42 36 32 29 27 26 27 29 34 41 49 60 70 80 90 100 110 119 129 138 145 151 156 159 161 162 162 162 161 158 155 151 147 141 136 130 124 119 114 110 106 102 97 92 87 82 78 74 70 67 62 58 53 49 45 42 41 40 41 43 45 48 52 56 60 64 69 72 76 79 82 85 89 94 
87 102 117 131 145 157 168 177 184 188 189 188 184 178 170 161 150 138 124 109 95 82 69 59 50 42 36 32 29 27 27 27 29 33 39 47 58 69 81 93 104 114 124 134 143 151 157 162 165 167 167 167 166 164 161 157 152 146 140 134 127 121 115 109 104 100 96 91 86 81 75 70 66 63 60 57 54 51 47 44 42 41 40 41 43 46 50 54 58 63 69 74 79 83 86 90 93 96 100 105 
105 120 134 148 160 171 179 185 188 189 186 182 175 166 157 146 133 120 107 93 80 68 58 49 42 36 32 29 28 28 28 30 34 39 46 56 68 81 94 106 118 128 138 147 155 162 166 169 171 171 170 168 166 162 157 152 145 139 132 125 118 111 105 99 94 89 85 80 75 69 64 60 56 53 51 49 48 45 44 42 41 42 43 45 48 52 56 61 67 73 78 84 89 94 98 101 104 107 111 115 
123 138 151 163 173 181 187 190 189 187 181 173 164 153 141 129 116 103 90 78 66 56 48 41 35 32 29 29 29 30 32 36 41 48 57 68 81 94 107 120 132 142 152 159 166 170 173 174 173 172 169 166 161 156 150 144 137 129 122 115 108 101 94 89 83 79 74 70 64 59 54 50 47 45 44 44 43 43 42 43 44 45 48 51 55 60 65 71 77 83 89 95 100 105 108 111 114 117 121 124 
141 154 166 176 184 189 191 190 187 181 173 162 150 138 125 112 99 87 75 64 54 45 39 34 30 29 29 30 32 35 39 44 50 59 69 82 95 109 122 134 146 155 163 169 173 175 176 174 172 168 164 159 153 147 140 133 126 118 111 104 97 90 84 79 74 69 65 60 55 50 46 42 40 39 39 40 41 43 44 46 48 51 55 60 65 70 76 82 87 93 99 105 111 115 119 122 124 127 129 132 
156 168 178 185 190 192 191 187 181 173 162 149 136 122 109 96 84 72 61 51 43 36 31 28 27 28 29 32 36 41 47 54 63 73 84 97 111 124 137 148 158 166 172 175 177 177 175 171 167 161 156 149 142 135 128 121 113 106 99 93 86 80 75 70 65 61 57 52 48 43 39 37 36 36 38 40 42 45 48 52 56 60 65 71 76 82 88 93 99 104 110 116 121 125 128 131 133 135 136 138 
170 179 187 191 192 191 187 181 172 161 149 135 120 106 93 81 69 58 49 41 34 29 26 25 25 28 32 37 43 50 58 67 77 88 101 114 127 139 150 160 168 173 177 178 177 174 170 165 159 152 145 137 129 122 114 107 100 94 88 82 76 71 66 62 59 55 51 47 43 39 36 35 35 36 39 43 46 50 55 60 65 71 77 83 89 95 100 105 110 115 120 125 129 133 136 138 139 140 141 141 
180 187 191 192 190 186 179 170 160 147 133 119 104 90 78 66 56 47 39 32 27 23 22 23 26 30 36 44 52 61 70 81 92 104 117 130 142 152 161 169 174 177 178 176 173 168 162 155 148 141 132 124 116 108 101 94 88 82 76 71 66 63 59 56 54 51 48 44 41 38 37 36 38 41 44 49 53 58 63 69 76 83 90 96 103 108 113 117 122 126 130 133 137 139 141 142 143 143 142 141 
186 190 191 189 184 177 168 157 145 131 117 102 88 75 63 53 44 37 30 25 22 20 20 23 28 34 43 52 62 73 84 96 108 120 133 144 155 163 170 174 177 177 175 171 165 159 151 144 136 128 120 111 103 95 88 81 75 70 65 61 58 55 53 52 51 49 47 44 42 41 40 42 44 48 53 58 63 68 74 81 88 96 103 110 116 121 125 128 132 135 137 140 142 144 144 144 143 142 140 137 
190 190 188 182 175 166 154 142 129 114 100 86 72 61 50 42 35 29 24 21 19 19 21 25 32 41 51 62 74 86 98 110 123 135 146 156 165 171 174 176 176 173 168 162 155 147 139 131 123 115 107 99 91 83 76 70 65 60 56 53 51 50 49 49 50 49 48 47 47 47 48 50 54 59 64 69 74 80 86 93 100 108 116 122 128 132 135 138 140 141 143 144 145 145 144 143 140 138 134 130 
190 187 181 173 163 152 139 126 112 97 83 70 58 48 39 32 27 23 20 18 18 20 24 31 39 49 61 74 87 99 112 125 137 148 158 166 172 175 176 174 171 165 158 150 142 133 125 117 109 102 95 87 79 72 66 60 56 51 48 46 45 46 47 49 50 52 52 53 54 55 58 62 67 72 77 82 87 92 98 105 112 120 127 133 137 141 143 144 145 145 145 145 144 143 141 138 134 130 125 120 
186 180 171 161 149 136 122 109 95 81 68 56 46 37 30 25 22 20 19 19 21 25 30 38 48 60 73 87 100 113 126 138 149 158 166 172 175 176 174 169 163 155 146 137 127 118 110 102 96 89 82 76 69 63 57 53 48 45 42 41 42 43 46 50 53 56 58 60 63 66 70 75 81 86 91 96 100 105 110 116 123 129 136 141 144 146 147 147 147 146 145 143 141 138 135 130 125 120 114 109 
179 170 159 146 133 119 105 92 79 67 55 45 36 29 24 21 19 19 20 22 26 32 39 49 60 73 86 100 114 126 138 149 158 166 172 175 176 173 169 162 153 143 133 122 112 103 95 88 82 76 71 65 60 55 50 46 43 40 39 38 40 43 47 52 57 62 65 69 73 78 83 89 95 100 105 109 112 116 120 125 131 136 141 145 147 148 148 147 146 144 142 139 135 131 126 121 114 108 102 96 
169 157 144 130 116 102 89 76 65 54 45 36 29 24 21 20 20 21 24 29 34 41 50 61 73 87 100 114 127 138 149 158 166 171 175 175 173 168 161 152 141 130 119 108 98 89 81 75 69 64 60 55 51 48 44 41 39 37 37 38 40 45 50 57 63 69 74 79 84 90 97 103 109 114 118 121 123 126 129 132 136 140 144 146 147 146 145 143 141 139 135 132 127 122 116 110 103 96 89 82 
156 142 128 114 99 86 73 62 52 43 36 30 25 22 20 21 23 26 31 37 44 53 63 75 87 101 114 127 139 149 158 165 171 174 175 173 168 161 152 141 129 116 104 94 84 76 69 63 58 54 50 47 44 42 40 38 37 37 37 39 43 48 55 63 70 77 84 90 96 103 110 116 122 126 129 131 132 133 135 137 139 141 143 144 143 142 140 137 134 131 127 123 118 112 106 99 91 84 77 70 
140 126 111 96 83 70 59 49 41 35 29 25 22 21 21 24 28 34 40 48 57 66 77 89 102 115 127 139 149 158 165 170 173 173 172 167 161 152 141 129 116 103 91 81 71 64 58 52 48 45 42 40 39 38 38 37 37 38 40 43 48 54 62 71 79 87 94 101 107 114 121 128 133 137 139 140 140 139 139 139 140 140 140 140 138 136 133 130 126 123 118 114 109 103 96 89 81 73 66 60 
124 108 94 80 67 56 46 39 33 28 25 22 21 22 25 29 35 43 51 60 70 80 91 103 115 128 139 149 158 165 169 172 172 170 166 160 151 141 129 116 103 91 79 69 61 54 48 44 41 38 37 36 36 36 37 38 40 42 44 49 55 62 71 80 88 97 104 111 118 125 132 138 143 146 148 147 146 144 142 140 139 137 136 134 132 129 126 122 118 114 109 105 100 94 87 80 72 65 58 52 
106 91 76 63 52 43 35 30 26 23 21 21 22 25 29 36 44 53 63 74 84 94 105 117 128 139 150 158 165 169 171 171 169 164 158 150 140 129 117 104 91 79 69 59 52 46 41 38 35 34 33 34 35 37 39 41 44 47 52 57 63 71 80 90 99 107 114 121 128 135 141 146 151 153 154 152 150 147 143 140 136 134 131 129 126 122 119 114 110 106 101 97 92 86 80 73 65 58 51 46 
89 74 60 49 39 31 26 22 20 20 20 22 25 29 36 44 54 65 76 87 98 109 119 130 140 150 158 165 169 171 170 167 163 156 148 139 128 116 104 92 80 69 59 51 45 40 36 33 31 31 32 33 36 39 43 47 51 56 61 67 74 82 91 100 109 117 124 130 136 142 148 152 156 157 157 155 152 147 142 138 133 129 126 122 119 116 112 108 103 99 94 90 85 80 74 67 60 53 47 43 
72 57 45 35 27 22 18 17 17 19 21 25 29 36 44 55 66 78 90 102 113 123 132 142 151 159 165 169 171 170 166 161 154 146 137 126 115 104 92 81 70 60 52 45 39 35 32 30 30 30 32 35 39 44 49 54 60 66 72 78 86 94 102 111 119 126 132 138 143 148 153 156 158 159 158 155 150 145 139 133 128 123 119 116 112 109 105 101 97 93 88 84 80 75 69 63 56 50 45 42 
57 43 32 24 18 14 13 14 16 20 24 30 37 45 55 67 80 93 105 117 127 136 145 153 160 166 169 171 170 166 161 153 144 134 124 113 102 91 80 70 60 52 45 39 35 32 30 29 29 31 34 38 44 50 57 63 70 77 84 91 98 106 113 121 128 134 139 144 148 152 155 157 158 157 155 151 146 140 133 127 121 116 111 108 105 102 99 95 91 87 83 79 75 71 66 60 54 49 44 42 
43 31 21 14 10 8 9 12 17 23 30 38 47 57 69 81 94 108 120 131 141 149 157 163 168 171 172 170 167 161 153 143 133 122 111 100 89 79 69 60 52 44 39 34 32 30 29 29 31 34 38 44 51 58 66 74 82 89 97 104 111 118 124 131 137 141 145 148 151 153 155 155 154 152 148 143 137 131 124 118 112 107 103 99 97 95 92 90 86 83 79 76 72 68 64 59 53 49 46 45 
32 21 13 7 5 5 8 13 20 28 38 48 59 71 84 97 110 123 135 145 153 160 166 170 173 173 171 167 161 153 143 132 120 109 97 86 76 67 58 50 43 38 33 31 29 29 30 32 34 39 44 51 59 68 77 86 95 102 110 116 123 129 135 140 144 147 150 151 152 153 152 150 148 144 138 133 126 120 113 106 101 96 93 90 88 87 86 84 81 78 76 73 70 67 63 59 55 51 50 50 
23 14 7 3 2 4 9 16 25 36 48 60 73 86 100 113 126 138 148 157 164 169 173 175 175 172 168 161 153 143 132 120 107 95 84 73 64 55 48 41 36 32 29 28 28 30 32 36 40 46 53 61 70 80 90 99 108 115 122 128 134 139 144 147 150 151 152 152 151 149 147 143 138 133 126 120 113 106 100 94 89 85 82 81 80 80 79 79 77 75 73 71 69 67 64 61 58 56 56 57 
16 9 4 2 3 6 12 21 32 45 59 74 88 103 116 129 141 151 160 166 171 175 176 176 173 168 161 152 142 131 119 107 94 82 71 61 52 45 39 34 30 28 27 27 29 33 37 43 49 56 64 73 83 93 103 113 121 128 134 139 144 148 151 153 154 153 152 150 147 144 139 134 127 120 113 106 99 92 86 81 77 73 72 71 72 73 74 74 74 73 72 71 69 68 66 64 63 63 64 67 
12 7 4 4 6 11 19 29 42 57 72 88 104 118 132 144 154 163 169 173 176 177 176 173 168 160 152 141 130 118 106 93 81 69 58 49 42 36 32 28 26 25 26 29 33 38 45 52 60 68 78 87 98 108 117 126 133 139 144 148 151 154 155 155 155 152 150 146 141 136 130 123 115 107 99 92 85 79 73 69 65 63 63 63 65 67 69 71 71 72 71 71 71 70 70 70 70 72 75 80 
9 6 6 7 11 18 28 40 54 70 87 103 119 133 146 157 165 172 176 177 177 175 172 166 159 150 139 128 116 104 92 79 67 56 47 39 33 29 26 25 24 26 28 33 39 46 54 63 73 82 92 103 113 122 131 138 144 149 152 155 156 157 157 155 152 149 144 139 133 126 119 111 102 94 86 79 72 66 62 58 55 54 55 57 60 63 66 69 70 71 72 72 73 74 75 77 79 83 88 93 
8 8 9 12 19 28 39 53 68 85 102 118 133 147 158 167 174 178 180 179 176 171 165 156 147 136 125 113 101 89 77 65 54 44 36 30 26 24 23 24 25 28 33 39 47 56 66 76 87 98 108 118 127 136 143 149 153 156 158 159 158 157 155 152 147 142 135 129 122 114 106 98 89 81 73 67 61 56 52 49 48 48 50 53 57 61 65 68 70 72 73 75 76 79 81 85 90 95 101 108 
9 10 14 19 28 39 52 67 84 101 117 133 147 159 168 175 180 182 181 177 172 164 155 144 133 121 109 97 85 74 63 52 42 34 27 23 21 21 22 25 29 33 40 48 57 68 79 91 102 113 123 132 141 148 154 158 160 161 161 160 158 155 151 146 139 132 124 117 109 101 93 84 76 69 62 56 51 47 44 42 42 44 47 51 56 61 65 69 72 74 76 78 81 84 89 94 101 108 115 122 
11 14 20 28 39 52 67 84 101 117 133 147 159 169 176 181 183 183 179 173 165 155 143 131 118 105 93 81 70 60 50 40 32 25 21 18 19 21 24 29 34 41 49 59 70 81 93 105 117 127 137 145 152 158 161 164 164 163 161 158 154 150 144 137 129 120 112 103 95 87 79 71 64 57 52 47 43 40 39 39 40 43 47 52 58 63 68 72 75 78 81 83 87 91 97 104 112 120 128 134 
15 21 28 39 52 67 84 101 118 134 148 161 170 177 182 184 184 180 175 166 156 143 130 116 103 89 77 66 56 47 39 31 25 20 17 17 19 23 29 35 43 51 61 72 83 96 108 120 131 141 149 156 161 165 166 166 165 162 158 153 148 142 134 126 117 107 98 89 80 73 65 59 53 48 43 40 37 36 36 37 40 45 50 56 62 68 73 77 81 84 87 90 94 100 107 115 123 131 139 145 