7432 7433
7432 7433
7432 7433
7431 7433
7431 7433
7431 7433
7431 7433
7431 7433
7431 7433
7431 7433
7431 7433
7431 7433
7431 7433
7432 7433
7432 7433
7431 7433
7431 7433
7431 7433
7431 7433
7432 7433
7432 7433
7432 7433
7432 7433
7430 7433
7430 7433
7432 7433
7432 7433
7432 7433
7432 7433
7431 7433
7431 7433
7431 7433
7430 7433
7430 7433
7432 7433
7432 7433
7430 7433
7430 7433
7431 7433
7432 7433
7431 7433
7431 7433
7431 7433
7431 7433
7431 7433
7430 7433
7431 7433
7431 7433
7432 7433
7432 7433
7430 7433
7430 7433
7430 7433
7430 7433
7432 7433
7432 7433
7432 7433
7432 7433
7432 7433
7432 7433
7432 7433
7432 7433
7430 7433
7430 7433
7430 7433
7430 7433
7432 7433
7432 7433
7430 7433
7430 7433
7431 7433
7431 7433
7431 7433
7431 7433
7431 7433
7431 7433
7430 7433
7430 7433
7430 7433
7430 7433
7430 7433
7430 7433
7431 7433
5147 7433
1 12000
